893 2915
604 817
453 101
36 360
275 560
21 28
671 180
190 549
850 868
570 880
315 672
244 378
869 260
636 497
196 296
35 234
328 821
865 388
477 257
196 44
746 858
513 358
487 823
588 648
149 410
152 498
464 68
526 708
506 579
606 491
642 160
112 288
884 115
188 141
501 716
528 199
714 69
845 888
516 808
723 292
119 631
597 648
858 62
141 861
511 67
173 774
556 124
447 622
84 684
358 584
658 194
165 263
223 602
41 663
650 527
578 32
27 298
856 642
697 777
130 410
595 760
208 491
25 542
190 224
215 232
859 243
642 810
754 893
374 114
169 126
63 451
47 5
697 560
627 241
59 14
667 408
339 366
602 2
161 712
343 245
54 775
171 47
59 546
760 661
172 771
67 664
211 863
325 133
382 259
572 138
276 856
539 396
831 602
852 106
641 519
343 428
664 672
882 756
423 867
153 272
541 818
11 222
837 139
585 309
307 497
680 202
129 324
536 772
25 411
617 529
134 348
768 98
221 444
573 71
729 673
850 738
27 252
376 240
374 783
288 625
697 352
770 374
891 355
874 489
729 55
569 491
292 168
3 746
85 683
791 350
541 448
35 134
263 875
60 134
647 66
688 582
13 657
768 430
167 530
258 855
689 22
68 213
281 887
364 521
237 789
438 483
443 545
445 115
401 418
295 319
151 538
670 857
68 576
275 230
810 490
686 551
691 686
569 864
254 144
829 857
97 331
210 673
447 860
470 13
878 307
847 544
111 862
499 77
6 725
803 761
305 569
731 607
864 349
429 756
573 315
387 738
735 688
673 23
216 422
32 755
15 661
53 744
402 7
244 501
810 469
719 701
557 306
151 79
616 71
579 861
483 112
873 229
395 44
513 449
569 215
163 623
681 64
662 226
262 865
362 367
551 368
21 264
221 56
77 275
687 784
190 249
34 198
290 60
240 542
674 882
522 371
816 443
562 849
318 662
745 138
251 4
824 172
148 847
722 362
691 115
435 433
255 16
113 244
331 61
276 650
794 293
208 704
120 749
712 315
739 693
532 443
160 849
756 758
669 766
546 501
555 229
677 664
631 77
860 514
261 335
386 812
304 306
767 348
427 3
665 469
239 307
349 196
149 39
558 776
121 592
305 870
893 381
861 766
183 861
557 454
233 555
838 726
142 388
628 782
555 614
458 2
168 654
742 327
816 10
102 230
360 875
72 490
825 812
178 150
439 576
814 754
502 330
875 236
286 376
94 335
83 497
380 175
153 680
668 428
743 130
357 579
513 246
201 869
493 351
349 272
118 313
687 440
708 134
122 481
324 655
95 27
424 147
668 225
155 619
652 698
211 736
368 43
439 453
133 613
79 98
391 358
874 294
443 127
852 868
245 882
450 282
840 505
15 758
96 367
202 49
478 892
495 510
188 124
617 60
375 852
640 101
60 505
812 355
444 325
673 278
413 893
551 269
336 801
668 111
173 711
248 173
428 747
12 605
455 851
454 623
184 436
190 480
274 770
141 453
682 600
594 819
480 511
210 40
729 764
142 412
720 741
459 350
663 689
830 244
286 252
34 822
473 769
736 762
506 270
530 3
270 656
36 712
661 508
366 370
578 426
689 885
541 317
362 410
287 611
370 586
23 51
740 551
10 395
45 872
302 188
675 439
397 335
883 709
845 6
42 309
352 176
407 833
720 176
332 609
774 328
870 860
619 521
165 692
33 143
217 858
534 712
851 1
411 822
678 115
362 389
821 698
18 236
721 541
648 779
651 310
851 549
653 518
211 834
654 655
90 580
90 177
473 597
592 851
186 652
646 389
830 571
407 147
373 180
317 319
229 741
602 321
694 812
842 550
679 455
611 21
190 656
196 255
861 48
679 9
809 58
496 491
77 712
27 430
227 365
29 777
716 581
75 410
60 558
453 174
716 810
61 270
706 24
868 86
603 534
876 610
718 656
21 27
310 203
458 192
223 373
830 888
873 397
856 467
17 764
700 348
257 366
443 144
427 631
373 100
889 763
232 733
122 425
234 119
824 107
612 864
41 218
423 597
101 810
827 238
469 546
107 833
631 666
501 715
322 705
710 15
216 138
805 478
700 17
204 14
867 544
174 775
557 76
565 584
532 542
253 231
93 611
79 197
230 558
430 476
367 672
248 836
630 694
143 132
220 537
115 587
187 342
155 602
708 425
67 239
395 488
676 178
55 258
280 282
166 724
23 821
597 296
120 343
798 883
730 390
163 430
58 344
681 864
59 1
777 52
541 51
544 281
727 694
122 438
415 826
522 124
271 843
459 629
351 547
318 466
472 606
351 250
458 362
702 867
774 415
408 37
318 445
267 279
621 700
287 216
207 554
789 390
865 224
188 454
597 110
689 453
28 319
33 172
362 743
38 746
459 86
793 295
188 437
264 563
617 446
141 73
142 418
491 595
681 108
663 371
811 266
150 855
683 590
301 259
18 401
716 133
457 29
370 806
832 394
410 582
430 200
879 342
798 434
292 614
773 144
663 593
119 136
858 866
527 715
824 611
809 31
862 787
520 539
706 196
874 575
102 740
865 877
757 695
792 549
61 299
317 470
191 86
608 638
368 589
429 216
837 235
824 304
364 665
626 196
370 688
168 659
802 517
711 8
162 676
552 569
94 26
817 758
499 614
654 152
452 592
199 126
132 504
794 464
558 425
212 176
285 6
601 205
819 130
656 821
565 42
824 365
609 320
310 746
78 82
564 26
288 878
73 456
256 237
517 344
153 32
712 376
390 152
784 142
658 341
472 192
329 601
511 673
848 875
576 352
116 89
226 380
797 499
696 666
770 791
688 270
505 233
395 269
179 104
571 826
790 536
76 27
689 862
707 395
502 773
694 82
662 444
573 420
279 114
135 340
174 337
696 412
645 557
688 763
322 770
346 429
733 815
825 438
576 33
278 610
462 511
46 69
642 208
341 758
217 883
264 384
868 206
239 238
840 816
489 332
662 439
864 861
187 245
817 833
695 368
792 76
554 448
667 226
730 341
54 568
401 508
769 791
76 186
181 500
834 842
339 655
765 290
363 686
72 412
382 228
665 540
133 94
228 775
45 439
709 586
857 260
512 308
868 887
65 169
482 697
528 660
801 95
822 351
418 346
754 672
285 765
601 709
231 24
711 199
127 396
236 690
592 768
649 351
137 621
753 275
146 323
257 665
795 594
759 285
382 792
168 157
195 95
36 248
113 762
666 813
51 371
200 843
630 389
495 353
383 341
218 763
587 498
53 71
756 495
780 384
746 167
32 696
532 139
735 396
827 298
756 508
778 832
411 361
353 732
851 218
283 339
619 406
231 185
34 256
587 282
695 847
555 686
737 199
812 348
37 820
725 504
874 415
29 433
858 629
715 190
56 220
683 457
186 611
181 150
225 244
641 10
145 45
512 490
151 580
382 763
11 843
88 732
34 424
769 331
398 39
119 847
173 488
102 470
798 708
345 822
567 338
57 29
295 853
793 196
613 48
137 514
783 668
721 716
780 241
585 647
766 283
341 377
197 607
697 94
791 875
792 827
561 289
728 750
547 274
359 357
784 631
272 825
312 374
314 614
441 521
315 438
65 578
250 308
234 615
53 33
678 362
592 162
759 707
357 533
391 593
431 19
293 707
205 492
834 274
506 861
568 442
677 248
163 437
145 610
494 303
44 368
464 185
727 685
116 495
621 256
452 512
520 140
563 443
356 411
200 506
251 167
822 722
606 48
544 535
279 729
776 160
338 297
880 809
280 505
875 411
125 206
343 123
751 366
185 726
613 329
98 605
688 421
617 449
545 44
30 564
788 542
860 867
536 857
600 144
317 368
377 866
226 515
877 725
89 764
614 472
44 75
78 37
316 445
465 541
104 458
858 585
213 547
608 715
866 194
443 639
833 448
389 162
106 735
712 451
752 165
636 258
294 682
832 333
243 763
502 265
379 785
90 785
184 704
370 628
578 634
830 603
851 255
545 355
410 507
47 343
305 860
875 773
159 196
641 333
755 859
630 782
759 867
316 436
802 824
72 69
770 282
510 443
645 292
316 299
65 887
249 197
145 2
368 213
495 775
703 180
689 717
568 318
146 35
384 314
27 300
690 314
70 642
532 102
127 2
629 460
606 441
232 483
698 198
505 382
535 234
549 139
421 461
78 166
318 753
581 250
156 878
674 377
845 267
773 62
741 447
121 319
340 98
253 373
25 715
468 370
652 349
745 686
764 871
417 447
114 103
499 231
393 694
106 697
162 544
516 118
832 291
691 565
766 289
397 642
807 428
671 665
774 191
10 463
47 509
655 7
735 800
186 140
313 508
611 677
66 800
741 9
495 325
873 724
323 352
399 117
820 580
80 416
651 219
835 528
730 624
33 203
551 578
220 229
374 598
745 578
264 310
212 543
216 869
675 363
430 555
536 344
811 814
9 151
338 43
46 264
850 300
400 704
548 519
235 433
594 166
477 638
798 540
30 465
341 479
839 432
676 43
719 104
477 751
519 328
545 603
547 276
551 134
93 447
882 740
77 240
131 853
317 183
209 854
86 75
269 767
143 432
685 372
735 458
754 554
662 419
171 509
629 564
668 676
248 423
857 787
490 249
74 658
612 150
291 599
887 12
709 828
211 884
231 642
768 700
754 285
790 663
663 74
352 308
668 55
528 343
106 879
24 534
192 546
688 812
838 370
697 594
40 741
275 241
441 38
243 677
7 324
449 755
506 433
180 776
263 111
637 328
604 498
379 239
272 125
794 757
865 751
619 671
186 743
884 167
888 824
833 73
744 231
428 189
692 132
405 605
769 706
162 78
224 245
721 201
454 591
747 566
839 196
93 290
349 530
5 417
651 627
489 323
327 58
60 471
286 129
635 550
637 321
303 189
515 254
733 814
484 336
776 111
697 209
617 352
680 631
801 428
234 816
204 88
494 699
150 553
433 195
295 622
757 399
155 341
706 863
232 235
541 579
233 822
346 519
661 260
475 785
773 608
760 12
759 44
687 686
174 610
805 260
589 471
365 856
849 871
500 312
724 97
378 447
17 118
71 191
511 633
627 256
439 102
204 540
596 817
248 596
449 408
783 55
434 674
825 818
239 886
387 405
209 632
873 222
729 308
875 821
128 840
670 25
892 542
629 846
648 270
584 855
369 95
371 428
225 521
133 384
559 425
429 617
512 808
361 646
128 545
6 147
185 286
63 846
686 465
106 537
669 839
847 873
573 811
627 794
892 274
86 217
236 283
457 66
661 705
791 488
814 134
562 200
195 380
312 543
271 580
491 879
199 566
572 76
575 668
710 70
582 682
96 132
64 330
472 821
73 551
447 658
99 502
501 891
834 891
319 46
763 825
869 599
413 891
855 516
373 400
555 574
521 866
351 752
763 173
505 891
244 219
464 204
823 235
220 649
663 151
576 300
650 623
383 851
470 540
594 631
604 105
288 594
145 802
310 553
719 285
702 383
134 117
354 2
100 610
85 812
283 585
360 357
195 846
839 9
570 408
771 643
848 31
729 231
305 98
786 861
592 20
665 194
246 798
560 45
795 747
678 567
216 264
753 476
715 357
295 231
294 608
260 528
465 501
694 811
589 500
353 482
842 536
734 488
627 174
556 735
297 235
541 408
651 565
404 748
445 574
151 705
466 763
730 860
639 314
825 379
885 780
173 362
860 606
642 649
312 92
809 354
775 589
651 22
190 662
619 512
251 554
747 609
236 80
149 301
885 755
337 498
255 709
659 624
482 523
754 219
775 883
742 482
482 803
447 153
730 807
234 157
608 311
386 61
678 670
109 657
627 322
240 704
461 552
371 512
452 655
196 299
380 306
659 497
366 671
541 618
752 608
491 27
418 408
504 681
366 59
234 593
4 721
647 178
478 438
745 733
635 42
191 600
487 444
398 489
309 210
59 832
486 124
465 471
256 12
826 607
789 585
448 515
718 298
829 168
873 253
62 148
778 685
574 653
103 793
444 861
554 52
257 92
220 42
646 27
325 661
325 42
236 763
57 613
530 92
145 506
74 416
600 283
796 405
634 846
247 607
340 99
271 853
276 189
321 586
582 364
713 147
454 302
578 764
705 492
778 551
731 589
53 617
701 173
538 578
177 228
882 556
233 538
550 402
113 124
294 732
579 276
210 433
374 576
526 475
824 461
806 749
314 525
524 213
375 723
86 280
72 599
26 536
200 33
148 193
149 701
26 639
577 869
139 820
216 556
215 251
311 530
442 37
752 194
18 628
299 664
212 655
835 817
31 512
269 598
381 525
455 21
257 199
547 181
146 156
661 336
705 576
7 874
103 3
640 469
571 469
111 532
60 764
872 820
135 467
206 474
712 669
123 641
274 62
865 97
537 789
334 555
704 662
484 70
528 127
158 718
288 110
823 40
401 193
663 846
8 125
120 738
101 256
720 334
856 353
70 176
37 265
167 32
794 148
227 448
547 500
506 137
513 850
328 318
879 358
256 112
555 628
187 485
705 714
854 544
749 332
713 777
274 847
49 85
413 87
363 475
417 28
412 201
886 462
888 52
689 626
320 358
52 885
718 184
773 376
775 414
880 654
339 643
49 364
782 3
608 34
13 145
44 852
26 507
524 288
32 403
144 770
634 452
608 145
826 200
168 477
361 892
801 321
711 322
237 439
701 488
793 127
495 340
461 356
784 278
642 729
149 140
336 653
11 709
389 104
844 542
859 302
827 687
361 671
259 628
146 867
742 148
691 537
853 554
828 488
573 443
96 801
24 505
371 818
172 444
63 168
820 34
814 316
629 265
44 190
441 581
138 311
818 458
254 326
6 774
120 870
274 626
765 245
274 348
116 402
446 493
344 192
116 627
736 79
555 805
258 232
518 321
510 302
705 177
272 306
728 643
329 364
566 605
488 235
761 599
229 830
706 541
322 786
887 833
309 226
259 18
846 454
632 78
133 52
502 166
162 27
164 491
112 44
239 620
350 506
826 378
575 383
255 620
94 426
205 669
846 597
575 628
671 629
505 476
343 190
629 854
386 203
746 18
529 245
547 658
89 91
513 774
182 28
832 535
464 396
410 248
159 748
512 800
88 466
656 626
667 784
778 248
166 87
633 119
610 612
517 232
738 816
632 744
635 155
763 824
772 241
458 655
288 809
259 220
25 193
280 375
779 533
446 818
308 141
519 410
562 848
340 203
656 700
570 414
721 858
760 331
98 590
852 283
545 31
732 708
255 425
65 591
673 709
854 713
177 438
414 421
738 625
634 590
692 565
367 508
371 386
885 639
542 816
301 467
726 811
216 32
821 525
735 75
116 502
244 35
546 158
582 255
91 103
847 690
518 886
261 758
211 267
192 782
322 711
819 184
342 857
736 629
716 110
2 201
348 176
557 399
854 519
746 690
361 43
507 68
513 873
109 264
216 742
398 643
203 847
687 379
563 777
634 721
468 451
73 53
418 149
494 870
776 734
528 602
801 135
585 82
866 487
648 770
170 523
338 844
263 492
640 77
604 822
400 439
491 189
148 295
416 631
580 661
301 436
598 586
564 127
341 408
531 789
519 570
48 454
45 378
251 80
574 377
191 779
893 668
653 479
197 330
596 547
18 226
457 405
179 637
442 92
670 712
832 684
523 160
742 75
543 888
289 743
785 538
736 72
38 112
354 624
538 170
690 665
291 596
591 511
719 235
684 447
492 135
779 559
563 791
34 689
129 739
60 254
246 891
121 870
583 242
378 396
790 160
311 303
573 56
547 677
355 100
8 451
249 599
103 340
880 671
347 277
847 318
818 711
462 603
626 530
127 547
573 282
871 447
683 372
609 743
587 712
788 500
789 482
112 292
613 820
292 37
828 815
433 324
57 289
441 555
800 403
182 100
610 54
778 480
413 741
133 184
514 304
164 476
497 245
280 678
44 12
796 630
283 557
453 704
313 357
511 116
169 824
377 631
647 535
877 120
589 686
1 141
882 325
166 95
461 827
689 24
138 187
286 190
201 503
55 487
243 434
48 644
287 197
43 787
368 673
662 292
814 46
395 172
69 29
511 125
739 771
59 718
335 693
76 175
106 18
715 417
110 376
557 752
644 867
477 611
885 268
194 858
341 468
783 237
328 418
291 822
183 892
829 383
498 315
885 445
407 201
465 450
356 567
268 836
252 443
777 680
206 604
27 90
605 521
861 106
681 201
68 322
803 875
570 525
736 252
202 127
809 173
738 582
685 205
82 34
268 70
307 622
607 877
626 679
480 665
631 449
154 550
341 728
732 31
308 76
845 717
676 682
187 495
705 752
720 310
148 286
216 419
689 51
235 283
2 367
293 188
465 847
546 541
800 320
855 432
109 580
111 160
612 347
721 511
331 325
688 704
714 29
326 378
436 462
4 10
298 392
669 189
845 307
698 617
93 556
386 131
389 315
832 163
160 375
717 676
57 830
2 540
45 586
134 586
356 462
237 882
365 136
539 511
446 134
69 223
798 846
74 849
474 666
76 135
132 804
167 216
777 681
359 816
392 146
88 191
359 758
663 434
57 186
715 508
879 479
165 344
627 677
370 560
327 556
81 118
102 652
175 645
676 481
338 783
409 837
409 79
601 358
397 390
649 696
543 63
637 304
68 554
807 506
55 369
373 637
428 658
613 8
257 573
82 704
248 115
670 706
540 290
804 242
185 497
807 216
681 521
640 80
869 214
29 343
581 405
178 863
376 733
414 473
333 151
56 370
891 280
160 732
324 494
626 231
453 630
845 327
242 284
460 171
778 247
707 807
892 166
179 309
821 238
456 547
806 370
517 554
222 515
451 744
390 114
721 475
68 407
249 426
514 796
144 31
182 507
426 53
23 692
743 190
836 620
843 217
681 345
242 842
321 791
214 827
622 473
808 690
488 177
631 192
560 58
321 93
194 453
693 647
233 806
768 738
661 276
402 825
150 795
249 435
140 83
435 66
739 48
649 792
888 192
299 460
838 137
397 2
200 663
455 859
614 799
449 104
197 341
590 649
62 845
464 683
249 126
15 355
532 801
107 443
202 455
51 234
159 704
474 377
560 645
406 344
300 461
73 10
398 622
442 209
83 887
101 366
458 497
438 181
194 673
357 851
107 97
861 685
596 558
319 491
229 804
376 744
639 135
414 53
381 617
221 106
334 838
151 323
563 771
609 193
755 469
403 488
728 188
52 468
640 882
699 432
739 690
94 778
495 264
69 296
812 523
9 319
357 641
489 108
181 25
21 891
613 753
427 233
51 248
362 184
401 470
352 585
200 251
587 548
532 728
93 510
240 547
887 206
794 553
212 615
105 190
505 577
484 674
474 560
365 317
78 363
840 185
580 775
504 850
798 565
553 502
380 87
578 445
809 796
220 520
41 426
741 687
173 669
465 492
780 797
483 35
167 224
662 813
577 823
27 120
854 442
485 114
178 196
360 767
569 443
541 623
225 48
450 378
144 843
289 483
146 611
422 811
776 256
266 783
308 296
347 287
826 685
830 237
723 437
744 878
563 306
553 372
254 404
686 847
377 500
143 885
472 875
732 428
201 678
199 855
179 547
807 308
26 315
449 538
12 716
287 432
87 439
847 861
156 391
513 287
877 22
681 398
21 731
25 165
631 662
451 159
56 130
128 287
438 838
628 69
347 466
134 485
612 182
391 771
837 132
843 232
664 710
132 206
377 571
626 583
144 185
643 730
222 134
371 486
603 632
306 229
363 393
76 357
225 890
245 464
797 387
301 414
602 294
368 683
644 668
645 741
886 557
651 455
889 536
758 262
601 102
52 682
455 810
21 267
462 695
570 52
181 640
624 240
22 378
654 125
480 718
219 319
55 486
115 139
426 546
872 526
232 792
819 358
323 269
252 445
562 123
847 617
537 729
194 628
242 199
99 338
872 669
651 320
297 69
503 236
636 674
838 209
16 152
540 7
825 188
536 340
752 407
400 193
773 506
459 622
167 187
819 510
259 856
805 356
662 792
629 475
654 123
855 131
343 629
736 874
627 568
584 24
16 612
843 840
30 753
300 726
6 67
482 288
45 487
374 295
656 79
14 131
571 521
678 303
368 391
709 393
11 424
31 494
843 611
236 792
276 391
597 139
337 698
809 544
883 553
187 494
831 452
524 300
468 651
785 469
399 360
58 369
384 516
846 131
867 282
26 358
246 863
406 551
492 571
384 846
683 354
95 37
169 374
759 535
482 426
799 77
639 247
849 111
418 591
116 698
210 813
814 650
323 580
454 522
626 251
704 624
498 532
173 569
491 578
570 89
238 459
756 268
611 588
831 647
134 196
472 655
587 381
513 626
552 382
592 640
882 819
279 230
745 339
376 341
32 124
506 47
769 793
310 13
888 827
468 248
890 137
247 425
800 113
344 610
93 121
313 758
337 431
478 808
415 713
792 399
890 446
321 772
319 329
786 712
720 125
702 886
735 330
628 400
666 847
823 493
481 773
285 607
436 96
166 194
599 205
675 868
675 206
217 887
865 25
358 676
667 783
463 821
687 448
526 13
432 769
876 770
515 211
491 416
790 390
596 337
62 216
9 615
670 779
714 747
364 365
89 411
315 482
889 442
463 75
369 830
549 699
456 228
113 814
441 348
777 288
155 513
270 662
769 476
374 557
106 396
641 624
535 802
735 81
688 122
348 93
129 888
739 812
484 163
708 132
620 38
215 547
77 424
763 335
8 27
501 743
376 799
93 172
433 165
309 890
381 605
703 581
394 21
240 179
833 415
83 210
160 239
307 880
362 560
218 662
275 347
870 747
134 226
195 551
841 344
490 374
143 271
866 76
263 76
535 8
795 572
107 3
589 454
790 242
3 220
871 509
30 333
532 151
75 171
558 268
7 269
637 512
568 227
839 752
327 575
591 115
41 691
25 86
794 588
778 642
728 94
431 621
565 250
621 691
886 281
46 280
63 86
694 860
283 820
734 338
678 463
310 440
314 239
777 717
631 549
796 81
45 269
428 155
342 122
215 744
436 702
845 369
297 254
317 312
144 565
839 343
622 598
271 876
328 878
292 423
203 177
590 725
890 800
579 810
141 134
624 86
828 64
665 789
116 580
500 177
802 325
656 294
251 282
145 137
532 611
437 310
635 477
629 412
43 476
104 542
122 616
856 451
267 321
512 357
291 71
844 215
257 171
790 127
224 162
439 562
178 162
307 656
713 437
714 269
151 471
280 216
172 465
319 532
396 649
130 583
703 370
687 857
669 830
266 294
468 350
611 19
543 403
815 590
30 237
838 243
421 435
199 864
493 579
117 503
467 677
110 206
41 280
758 96
320 449
491 32
545 152
327 876
591 144
421 77
811 246
167 247
208 65
874 500
504 375
430 174
78 566
307 635
830 289
210 768
418 737
196 558
607 571
238 426
837 637
753 133
889 518
367 226
796 407
727 535
449 228
838 451
253 609
881 662
872 621
627 525
666 368
649 280
777 486
440 788
711 590
101 263
787 829
154 616
235 312
438 650
438 255
354 768
168 236
200 373
787 539
221 427
848 731
27 299
192 95
449 253
555 109
347 279
122 541
451 587
766 125
698 28
419 222
756 616
595 887
443 482
708 62
212 443
488 153
179 178
845 696
478 130
388 81
134 32
271 841
185 597
207 241
138 357
468 538
810 530
647 830
762 235
484 374
619 174
440 22
485 865
289 864
117 346
713 38
643 493
78 520
438 644
96 453
489 762
271 269
2 352
112 650
728 286
649 117
799 81
675 520
732 148
91 260
591 526
81 667
410 632
712 515
344 82
7 460
687 227
839 220
826 51
111 474
810 831
28 427
341 566
547 887
415 357
879 639
419 712
666 872
115 226
596 745
633 353
542 613
156 493
732 147
722 743
20 708
206 563
585 796
493 533
453 559
572 449
297 165
44 439
464 333
328 780
68 95
112 553
246 837
100 880
670 444
802 630
178 115
231 402
70 45
752 84
757 237
443 893
446 864
33 87
126 835
753 480
1 603
255 240
37 269
148 203
186 2
367 892
280 526
484 355
267 269
749 522
354 851
580 520
376 38
231 269
693 93
786 785
330 46
223 226
579 858
432 423
860 849
222 302
884 482
612 151
176 535
585 496
813 297
700 90
332 599
539 361
278 32
427 304
854 377
488 290
89 484
809 552
789 514
725 841
501 548
474 582
719 76
375 3
210 243
400 55
274 528
259 361
746 502
729 342
588 469
790 674
243 790
794 343
81 285
303 490
23 591
287 758
864 362
311 827
298 733
498 340
215 511
69 420
1 652
553 495
655 784
475 594
117 424
851 632
580 90
718 154
638 159
324 853
381 473
327 54
93 175
661 690
404 686
403 670
132 32
278 756
615 750
501 335
122 731
450 210
235 226
37 883
150 9
246 61
838 721
819 769
862 680
424 568
870 703
597 475
689 842
445 265
121 376
156 860
503 200
92 271
145 114
695 259
218 645
871 261
369 567
98 495
263 496
190 551
268 584
287 541
533 794
789 128
572 201
106 90
306 255
696 685
733 803
830 280
406 254
834 304
393 704
413 797
750 542
842 621
408 462
192 523
502 221
235 623
215 6
397 159
348 755
610 154
744 384
580 806
119 426
211 368
710 161
105 675
130 429
4 524
386 396
676 833
417 800
591 130
888 262
579 596
891 275
801 434
405 223
574 772
43 377
575 736
674 597
642 44
449 405
15 824
364 768
716 493
292 847
123 223
159 564
863 511
276 315
408 243
671 315
641 411
555 573
630 274
124 839
766 274
125 37
311 606
312 616
301 129
227 160
852 866
447 16
659 731
472 825
114 799
51 383
586 389
164 243
709 857
258 798
116 638
137 471
449 786
526 257
275 153
841 209
380 187
669 649
629 402
350 88
351 801
500 218
873 893
726 791
413 701
364 222
802 180
867 223
27 465
562 252
690 393
257 543
204 660
443 820
159 169
306 529
326 318
113 131
834 616
269 395
180 474
143 214
648 556
132 325
448 294
602 744
285 684
767 632
509 301
57 335
613 322
444 115
46 476
714 676
145 426
216 604
495 672
408 740
686 609
194 694
853 266
103 298
768 846
414 403
86 766
410 228
296 857
815 279
691 208
175 483
710 737
254 360
642 650
699 583
385 296
756 540
479 151
815 696
213 295
602 812
424 620
872 2
753 306
440 328
592 453
722 751
192 622
390 202
151 181
688 562
67 677
