1000 9885
67 248
333 431
750 287
952 338
290 329
129 973
437 427
833 593
741 120
281 698
467 847
638 752
808 881
175 200
275 84
32 367
934 320
717 848
185 327
955 807
575 118
743 976
982 92
929 832
41 867
332 257
61 861
564 565
544 377
799 979
611 435
687 878
869 631
265 729
696 690
749 481
17 424
164 425
969 500
420 819
960 280
572 429
403 948
633 681
820 475
853 436
140 257
911 532
631 739
390 953
619 795
840 732
567 539
913 912
54 586
734 248
572 243
442 408
553 202
58 744
884 828
442 267
260 664
338 168
225 127
412 883
111 621
148 473
301 69
913 579
314 944
364 759
120 127
124 607
819 937
289 758
306 556
419 279
591 213
998 249
773 227
516 798
42 617
254 482
655 729
984 774
641 123
516 941
793 288
674 485
534 782
237 907
440 467
497 806
750 315
808 990
806 633
103 701
392 293
51 616
33 53
472 979
366 435
894 723
116 734
420 738
720 24
635 215
111 625
803 791
436 340
352 775
369 863
649 125
571 956
200 911
511 769
792 595
196 815
948 350
821 968
201 759
4 150
98 89
61 67
729 169
325 862
183 592
44 762
707 589
654 155
487 254
404 658
611 794
792 992
559 26
687 209
250 366
277 509
226 471
801 967
805 823
227 995
177 10
839 536
552 490
879 766
171 564
300 208
102 76
374 993
803 5
585 102
815 382
591 199
220 31
421 784
408 145
943 767
405 236
997 834
154 556
871 873
162 499
418 105
20 917
632 165
232 339
450 310
968 167
257 350
759 633
315 576
449 758
945 713
158 142
396 775
374 16
977 184
595 633
726 477
712 315
87 173
125 986
733 667
379 528
445 979
342 69
551 179
437 383
223 322
427 441
800 829
618 604
549 606
967 835
473 11
204 173
591 771
5 428
451 66
949 325
41 5
19 256
421 188
95 21
811 364
260 254
133 264
423 487
910 80
626 293
682 467
80 385
778 974
304 789
472 491
991 494
610 785
477 870
294 868
391 511
140 378
748 231
400 151
934 852
630 199
622 896
728 75
526 386
947 235
896 919
554 971
149 629
428 306
631 683
500 351
304 450
675 725
399 372
900 610
151 312
979 171
585 800
595 507
282 296
508 576
328 166
363 958
983 977
681 631
684 338
975 381
978 51
673 679
803 36
388 678
816 169
802 884
585 380
585 883
846 558
20 937
65 704
228 820
582 595
868 781
253 327
381 370
882 313
171 55
684 7
890 837
228 155
263 388
360 19
181 11
646 79
738 932
632 415
171 109
686 700
683 791
142 670
954 764
223 273
88 556
488 262
719 353
881 465
240 423
402 970
100 179
105 515
342 208
289 452
305 874
222 362
942 931
320 510
691 737
782 200
587 272
259 920
497 298
578 117
769 892
703 479
173 704
106 741
711 64
510 275
520 53
888 975
279 52
887 259
464 859
526 495
965 693
16 276
678 282
258 241
277 595
994 199
577 469
254 279
491 195
593 835
832 5
649 625
926 947
321 512
175 485
213 530
586 28
214 976
412 872
845 658
827 139
851 1
465 718
894 161
396 308
564 998
483 830
154 965
548 182
771 977
991 842
708 444
874 68
219 153
129 177
42 626
45 381
138 417
530 991
983 219
162 59
897 180
737 437
993 547
6 104
102 705
195 33
124 393
772 951
19 105
692 932
81 442
110 191
919 785
301 106
777 633
143 39
327 330
206 637
368 264
282 744
255 565
570 595
960 635
333 983
545 151
564 117
782 164
250 749
576 692
753 20
153 750
425 113
320 329
50 350
433 558
610 870
661 858
296 226
856 779
540 29
338 859
514 366
765 790
606 266
258 280
645 438
499 906
154 371
579 718
198 8
771 480
684 839
980 42
728 3
490 346
897 522
532 975
130 411
97 212
794 178
667 160
406 52
233 500
490 493
588 614
443 49
802 760
608 695
650 932
297 660
706 872
305 129
992 69
381 103
128 821
845 920
77 366
370 504
208 483
315 345
747 442
474 298
627 224
936 539
224 797
720 659
979 671
124 318
569 671
845 250
536 511
907 848
132 522
263 460
737 334
787 302
825 999
788 221
574 746
960 778
133 992
280 428
523 344
483 359
285 165
983 434
986 82
695 638
858 513
630 653
223 361
165 98
63 496
427 954
963 830
638 636
531 930
666 569
207 741
562 820
462 886
143 725
416 922
863 430
248 857
544 390
174 577
437 808
881 251
523 694
166 165
354 93
835 534
529 588
554 178
386 832
596 457
814 384
27 94
587 6
734 443
292 362
60 158
478 373
761 383
339 977
987 973
491 250
74 46
628 969
519 874
187 261
154 454
62 711
69 233
572 144
684 954
393 847
482 586
266 623
583 496
407 766
684 728
560 982
297 752
258 902
870 247
690 329
374 998
638 147
219 803
718 267
976 678
323 209
667 603
818 485
947 704
92 194
457 587
21 74
243 86
84 34
390 113
399 461
81 76
246 826
720 363
876 300
12 530
587 858
290 428
953 340
534 651
521 568
85 601
690 909
234 529
141 963
202 405
389 473
671 439
73 870
493 149
811 155
233 616
34 651
364 646
720 118
947 641
820 177
217 924
493 951
255 891
958 3
891 108
660 39
601 361
659 98
271 360
41 351
920 630
498 606
905 230
688 754
484 541
520 395
26 604
209 802
86 424
714 961
792 735
942 721
943 120
361 980
412 752
343 860
951 541
93 309
357 573
499 578
709 731
247 524
250 272
602 557
729 706
774 905
746 592
981 407
529 254
378 700
533 734
400 950
135 982
854 398
698 526
496 926
870 768
616 959
894 138
612 863
940 854
462 54
746 901
56 183
400 739
111 789
992 13
77 421
205 368
654 275
551 701
384 151
885 623
615 314
182 374
790 923
333 29
225 636
889 725
998 273
945 667
107 347
494 80
777 930
223 144
873 201
727 162
809 581
872 399
67 175
699 745
15 407
626 130
451 743
742 628
158 389
77 715
207 812
797 242
507 146
678 863
39 275
351 13
230 854
194 472
51 321
695 836
772 423
757 623
332 366
904 119
632 860
691 273
624 796
606 412
588 959
420 793
345 101
192 936
869 930
925 624
565 409
456 32
623 663
202 209
927 612
508 929
878 963
40 155
828 236
350 376
766 544
987 821
610 20
705 264
514 302
168 142
758 823
724 131
880 897
511 493
548 223
509 156
241 870
22 347
561 427
727 514
432 97
107 673
715 942
573 580
780 866
585 398
212 879
400 606
292 580
811 956
667 688
618 78
341 677
312 405
664 170
210 460
854 621
46 926
485 198
967 710
592 700
898 535
281 527
731 3
623 564
878 214
608 310
332 206
960 815
485 440
555 238
459 213
1000 79
323 418
952 434
475 623
313 376
188 656
795 524
887 162
367 40
700 903
117 563
338 832
924 223
302 607
764 286
934 32
23 259
464 538
356 536
112 901
478 15
43 606
815 148
526 89
195 811
537 768
331 475
524 522
743 406
321 705
766 973
838 430
876 117
546 929
925 886
184 694
283 698
589 846
93 31
370 644
11 711
541 823
11 788
692 645
567 827
515 132
898 4
628 315
478 730
707 684
323 663
585 641
962 866
245 614
393 549
746 989
488 997
470 565
664 1000
962 661
121 537
964 59
488 884
72 115
181 319
412 683
78 169
634 985
341 697
178 561
315 908
632 941
345 431
253 270
111 144
421 732
298 799
670 15
551 890
33 90
930 200
534 974
151 686
891 357
905 647
472 981
180 398
878 93
700 837
41 771
497 6
190 99
281 773
198 542
234 879
406 587
557 649
796 327
155 329
228 257
599 370
804 842
293 459
9 796
86 274
130 568
847 933
761 540
202 263
487 106
911 852
421 504
460 594
796 148
778 955
325 860
101 997
49 650
383 59
556 867
244 979
563 929
785 175
549 222
703 28
199 597
116 277
776 438
210 814
98 667
615 930
463 401
31 189
641 665
475 303
529 135
738 491
560 983
23 969
228 685
192 459
824 940
714 320
988 103
715 921
614 233
310 14
21 73
828 591
391 971
324 510
567 82
788 301
403 472
992 320
422 551
775 97
745 136
266 51
381 741
567 451
777 235
384 439
208 238
65 619
926 102
567 368
788 3
424 526
693 138
821 453
18 498
431 302
578 730
962 189
88 594
910 645
518 446
575 59
943 611
794 427
53 269
175 725
227 22
561 746
952 217
683 795
632 833
192 734
1000 677
549 702
307 63
329 475
274 460
278 396
796 73
516 759
320 505
89 507
571 843
113 461
482 154
766 954
822 888
108 64
8 92
369 564
984 570
856 2
587 178
473 630
268 103
253 575
35 372
861 460
970 921
486 943
714 386
550 740
274 803
300 807
173 47
709 397
550 631
849 634
542 551
606 241
750 970
110 613
366 979
684 332
666 195
426 620
466 861
375 306
950 139
79 286
977 367
10 254
604 10
845 816
646 803
495 395
725 874
690 991
340 128
461 948
866 74
256 193
242 982
290 288
918 678
232 111
903 174
753 435
73 769
354 478
379 113
373 595
228 330
915 122
537 895
991 175
422 158
134 546
763 68
212 710
752 467
669 699
187 896
702 33
705 963
627 160
333 647
118 43
164 263
773 683
867 192
120 571
512 986
191 794
529 447
808 242
495 676
282 249
709 702
965 836
425 608
875 1000
144 392
419 30
278 839
606 180
410 327
675 465
896 514
736 193
262 331
581 39
995 583
369 321
733 236
55 384
774 438
189 910
888 107
194 548
926 96
12 501
109 607
491 670
475 53
44 38
864 962
784 501
713 465
16 527
975 625
254 514
916 1
665 263
544 960
66 268
690 850
506 583
656 590
726 440
939 49
388 887
60 705
959 131
946 734
233 551
569 61
293 325
288 612
152 571
616 96
217 987
215 608
734 528
971 206
18 805
780 887
777 409
989 726
252 747
456 780
329 514
551 347
848 802
297 60
448 432
436 401
365 469
55 947
718 966
75 832
867 252
562 338
452 638
819 353
481 172
667 53
248 507
288 614
496 761
850 488
878 830
813 261
779 701
466 112
175 616
913 695
774 624
337 485
492 466
641 301
783 926
988 156
883 366
188 596
137 990
710 689
327 855
543 83
674 286
881 456
487 633
181 318
832 969
6 187
723 311
651 50
889 547
747 589
962 46
924 713
985 973
719 278
436 220
698 490
224 637
760 671
337 818
726 436
622 261
930 432
411 819
206 556
854 360
359 778
786 904
768 131
218 198
592 967
332 66
423 789
685 578
890 564
851 806
782 356
15 127
420 749
590 449
191 414
895 397
824 9
352 794
908 665
322 330
910 123
658 496
108 447
400 384
181 517
299 582
106 680
692 183
251 449
14 479
326 413
718 947
188 953
866 254
648 53
904 927
689 671
616 393
981 159
340 9
209 612
485 992
697 584
827 521
790 511
277 536
188 69
889 304
730 753
657 74
142 434
515 948
750 229
865 303
275 512
98 438
202 544
412 918
554 95
645 586
633 932
556 553
535 143
46 424
12 200
415 29
418 787
127 775
420 357
701 724
616 980
799 187
729 667
537 456
756 196
903 137
814 796
784 287
567 60
474 669
516 878
721 756
797 567
779 20
449 937
638 115
340 786
56 629
418 100
422 548
209 41
961 85
599 892
985 952
732 387
916 74
609 712
405 971
318 356
968 825
162 208
146 222
829 872
155 921
601 761
756 520
270 378
821 961
648 518
955 642
498 235
869 456
545 386
703 113
248 520
602 68
671 239
664 351
848 204
367 620
884 253
251 143
415 782
497 259
834 130
670 548
484 543
820 465
605 837
877 224
832 495
719 795
354 127
624 833
398 794
936 349
274 348
914 268
165 902
417 158
350 678
260 942
175 349
896 874
549 96
916 176
519 840
701 933
403 862
631 676
652 367
212 214
509 404
299 789
240 695
684 920
352 465
616 786
193 743
609 709
671 819
653 228
195 93
175 544
253 768
272 257
720 859
775 785
244 69
447 672
781 164
712 783
426 621
558 466
249 538
953 404
920 125
48 371
928 854
780 975
772 847
992 365
412 614
924 642
483 626
279 917
68 984
507 360
574 582
256 369
555 375
350 625
545 317
138 893
15 401
734 795
698 277
882 22
20 377
955 558
367 930
99 256
885 929
190 169
82 974
1000 85
88 559
787 473
881 470
61 329
8 464
119 114
503 211
754 175
403 337
84 926
602 459
386 740
374 215
475 686
911 798
38 478
296 265
231 839
8 157
691 384
325 898
259 44
374 497
658 218
236 498
990 31
740 546
446 941
36 937
921 421
848 643
397 551
698 689
672 437
560 690
231 911
478 764
743 48
372 864
879 592
310 469
1000 73
421 836
138 330
267 34
180 961
328 84
989 257
722 124
708 447
253 6
951 197
537 49
812 141
832 627
599 695
926 413
824 579
552 594
371 884
483 622
68 582
360 483
453 870
661 193
111 126
996 208
673 51
391 560
985 609
786 530
753 461
626 853
101 755
779 743
86 955
342 17
848 118
133 26
975 775
579 230
13 756
323 420
346 847
772 359
220 804
132 198
961 314
890 384
483 42
247 29
692 446
387 218
218 261
769 947
772 502
773 91
756 773
43 690
706 110
269 300
342 866
491 356
308 310
899 909
565 139
833 145
942 557
526 172
476 337
676 898
950 796
39 313
41 38
773 893
853 463
606 511
468 35
485 971
240 898
807 530
496 284
351 918
246 232
429 968
306 21
899 56
684 834
334 639
286 738
908 108
126 509
308 874
681 496
168 221
317 996
214 896
966 403
272 171
594 994
611 960
45 922
379 944
749 946
823 175
440 812
221 249
82 161
634 658
653 300
927 413
344 732
628 436
944 475
484 492
12 267
876 586
534 384
557 33
718 172
654 793
215 253
21 420
538 894
426 436
483 573
524 317
787 789
96 474
689 331
724 517
168 966
208 147
284 728
301 662
694 919
695 458
759 695
981 745
912 928
108 523
534 601
471 667
517 887
425 295
280 478
228 444
577 156
820 216
217 901
34 725
313 410
223 251
962 121
375 428
472 245
274 87
493 865
901 138
481 633
681 139
250 570
647 811
248 571
416 891
912 507
621 135
861 952
74 474
857 999
23 7
754 524
339 978
526 426
395 612
844 569
351 271
889 416
176 533
343 923
547 952
282 417
150 232
742 342
64 361
931 997
913 658
862 719
816 308
103 659
465 228
405 135
776 869
724 923
451 217
258 619
655 648
858 516
784 431
185 854
701 100
354 871
6 164
355 514
46 613
825 806
589 261
510 598
974 449
133 815
206 879
651 942
396 81
807 291
114 246
6 454
891 402
432 631
531 741
234 687
683 494
958 804
651 652
639 993
731 506
345 171
293 651
721 192
742 734
182 571
503 206
70 567
902 229
437 748
187 777
320 406
123 475
969 815
750 164
826 764
919 425
326 367
697 649
766 640
113 370
544 20
585 744
857 83
714 972
970 338
945 259
44 843
643 345
558 932
706 747
141 156
87 928
36 950
556 856
893 616
749 600
741 856
749 558
582 120
253 942
58 684
495 977
633 48
262 466
395 255
767 133
789 413
629 164
673 714
603 521
167 544
477 456
68 59
801 58
401 920
733 823
495 36
565 822
746 162
512 662
909 684
694 130
898 415
681 789
976 931
522 275
246 773
28 717
713 388
73 549
147 298
919 920
846 232
585 717
342 411
973 476
521 426
632 419
760 728
669 226
11 504
530 552
327 425
180 465
740 137
137 34
356 178
985 294
989 898
593 473
545 61
122 979
85 205
61 797
967 803
694 633
666 826
977 971
282 515
191 465
618 975
89 59
198 503
952 247
995 59
703 330
900 886
878 740
520 426
543 881
522 536
395 718
692 872
861 744
528 612
623 769
75 823
574 479
634 42
905 626
980 18
49 720
175 368
879 780
397 342
553 64
439 447
995 759
785 373
969 400
257 828
649 710
429 22
435 701
862 756
790 113
757 450
336 930
743 51
176 827
49 3
250 644
185 579
770 404
850 70
817 151
917 84
223 701
79 441
177 641
215 73
271 715
367 114
243 128
232 175
296 910
533 405
403 176
223 595
958 898
225 782
134 192
742 821
640 69
351 319
777 812
781 486
837 912
612 400
670 304
982 230
471 615
274 225
459 167
77 748
71 202
570 607
402 189
773 90
99 29
877 22
45 358
398 177
330 811
661 757
671 182
231 409
4 191
460 553
833 1
246 126
321 853
583 85
216 61
911 738
9 749
218 727
516 18
863 229
829 53
891 740
473 515
537 950
580 909
170 997
887 656
448 207
377 223
107 66
490 326
244 873
856 109
486 922
940 763
338 165
266 966
174 199
642 109
314 970
617 531
211 446
250 664
235 452
254 96
793 920
991 773
279 142
851 142
510 632
157 513
712 840
684 867
271 521
93 687
686 316
120 243
849 354
413 217
72 453
458 994
480 634
724 725
198 992
332 158
320 226
964 363
379 221
234 584
863 615
55 938
886 652
258 829
817 639
545 746
786 902
701 999
772 693
5 34
579 197
212 538
692 492
413 285
623 276
989 970
454 656
145 151
599 271
765 611
750 137
959 903
731 556
539 401
522 577
84 306
156 967
231 445
982 351
415 586
472 20
182 835
754 470
826 827
921 721
500 418
136 363
601 121
639 401
30 843
911 710
71 357
933 26
148 838
75 878
410 128
317 805
451 783
303 886
671 571
250 363
273 464
409 176
259 822
547 502
785 317
605 340
272 136
419 75
40 372
149 830
44 420
653 254
965 60
736 284
771 783
595 83
102 65
548 123
510 234
276 294
166 982
817 78
125 401
641 440
399 600
850 14
941 485
963 309
960 636
750 527
417 201
493 478
224 829
480 663
357 127
603 379
586 615
327 603
834 483
609 718
7 773
431 585
27 563
549 446
493 256
169 730
349 892
996 233
621 516
333 296
85 327
693 56
364 642
189 489
209 491
674 855
53 266
701 398
114 296
102 94
907 967
892 287
855 901
677 485
380 491
649 156
491 538
616 201
834 128
448 331
782 96
195 966
742 396
678 17
754 363
478 59
85 153
178 815
917 808
57 666
335 327
961 188
452 545
895 799
240 971
452 688
127 118
305 914
787 710
737 887
741 839
781 620
407 681
654 410
912 21
555 911
297 583
68 262
107 296
367 287
125 77
532 418
417 395
275 533
991 861
729 788
449 995
547 46
984 852
987 183
682 715
572 619
519 44
561 254
718 136
802 224
290 460
953 372
332 855
635 598
372 624
879 99
171 96
617 176
6 202
301 733
655 818
659 311
363 274
720 199
920 777
722 621
946 825
488 267
414 535
683 90
833 361
687 626
835 295
230 941
61 819
181 244
541 201
907 995
433 692
269 262
986 808
625 88
716 113
365 349
882 841
123 735
635 3
908 675
308 707
411 202
305 579
269 232
161 999
680 657
933 65
425 826
192 987
13 227
287 452
587 194
295 245
118 968
304 532
553 71
916 189
438 265
128 657
808 19
41 900
705 445
101 540
248 192
98 606
671 785
638 348
965 244
270 986
336 562
633 697
335 780
899 330
491 514
423 345
171 640
443 359
543 120
234 288
15 305
515 475
367 12
820 642
402 615
404 489
959 345
814 564
216 821
567 260
551 899
916 12
208 169
116 546
730 802
553 811
399 39
898 642
942 402
696 861
218 225
492 384
659 192
751 814
285 11
954 524
422 46
5 94
579 889
179 359
416 115
694 602
414 945
772 496
331 96
830 340
138 704
507 803
881 210
934 36
826 693
413 465
249 344
415 593
342 979
218 549
924 505
212 443
550 103
679 577
870 640
338 497
924 360
143 900
724 461
794 246
800 405
381 632
487 33
70 75
753 587
330 236
594 593
296 916
939 954
213 719
13 489
535 100
351 711
27 693
927 270
250 566
602 771
678 341
608 844
936 851
876 565
54 793
224 52
261 721
818 506
159 182
383 980
8 880
863 819
475 18
557 176
488 135
20 110
223 545
336 459
907 286
584 97
489 739
471 439
347 205
725 912
547 708
380 115
787 309
163 719
864 576
42 260
65 941
907 764
363 704
234 728
347 491
497 58
887 237
617 281
801 194
488 323
952 82
534 812
811 489
61 778
482 317
83 814
501 451
392 9
285 962
806 729
117 531
136 14
355 130
946 547
817 937
695 824
199 13
792 601
136 413
890 132
395 696
857 117
936 356
899 888
729 179
359 344
861 950
644 283
889 309
134 922
304 589
567 237
398 607
495 729
574 404
249 967
196 602
588 560
663 70
687 332
214 930
508 715
571 495
990 503
442 297
426 850
941 177
588 83
837 96
567 795
606 807
222 556
745 449
193 826
770 426
419 168
139 1000
461 989
7 465
84 580
604 435
220 388
288 242
421 31
150 554
9 390
686 456
780 949
584 14
731 161
125 242
381 360
890 770
337 898
360 61
986 273
264 342
785 922
788 15
536 32
484 966
551 216
897 401
322 500
996 121
42 612
368 710
424 711
540 781
152 630
86 195
804 874
72 398
924 3
84 480
18 822
839 400
456 839
354 122
725 89
311 584
296 377
502 83
830 828
409 448
541 439
999 991
404 717
706 745
437 875
507 678
848 666
102 433
469 750
453 41
849 860
560 649
780 390
785 280
474 939
187 2
689 836
323 706
957 415
718 505
663 328
297 727
390 308
176 992
999 496
33 617
326 602
332 739
738 452
566 351
614 137
194 732
321 677
832 157
324 79
863 996
461 82
660 272
509 838
845 812
423 410
724 671
323 30
513 114
950 425
932 620
314 455
686 599
567 336
149 503
47 700
564 458
621 743
267 596
952 300
534 906
411 641
263 672
714 250
147 123
789 552
613 788
764 384
329 665
477 561
979 207
625 95
398 219
576 549
593 761
670 519
491 266
277 993
264 362
515 723
771 381
352 547
585 539
307 317
297 375
210 720
482 813
923 305
212 134
856 930
631 645
706 636
452 804
914 672
671 846
885 187
997 593
597 631
802 577
776 616
20 646
992 191
629 134
810 992
533 832
702 841
205 271
525 732
144 918
751 260
955 259
152 212
634 974
376 946
65 395
324 306
641 16
368 834
298 661
552 996
412 771
243 307
320 788
807 229
755 140
579 90
696 862
254 736
337 756
636 8
912 982
742 668
476 909
937 421
483 47
597 260
672 165
692 40
288 190
696 43
753 14
937 327
5 383
436 413
791 789
697 560
829 760
98 63
264 405
619 899
319 751
362 504
296 6
11 557
998 800
657 499
328 439
611 884
478 445
391 286
818 6
571 450
917 690
554 84
444 484
50 879
822 753
895 389
953 646
954 425
677 992
41 624
652 16
288 951
382 443
241 773
439 208
410 470
983 919
15 993
832 547
957 148
470 953
885 439
842 580
185 831
438 411
713 497
931 262
791 731
185 168
561 773
931 597
980 825
251 699
309 23
863 976
756 672
632 366
156 494
46 814
233 741
769 321
163 718
555 176
932 5
797 403
502 667
303 478
254 862
158 439
397 549
90 9
364 664
221 801
47 997
878 465
492 372
38 168
208 835
526 877
354 836
322 215
397 263
990 670
848 883
744 804
504 713
947 841
394 843
469 149
689 453
843 936
574 40
226 938
317 65
563 281
73 581
697 739
97 959
648 57
614 836
62 495
286 803
752 253
710 186
624 7
1 546
115 700
978 514
600 48
561 232
710 611
469 713
457 49
425 531
944 525
433 8
699 277
292 197
704 141
978 292
858 894
305 86
550 588
936 816
404 878
685 282
500 919
743 117
746 939
729 671
182 175
241 801
661 30
177 493
175 878
659 865
181 493
745 1
595 179
997 843
466 773
68 81
287 753
401 834
765 478
149 240
924 513
465 187
51 830
659 575
493 365
366 133
208 227
283 293
95 390
391 740
307 729
16 730
458 663
220 602
811 153
243 491
142 645
695 555
937 707
523 378
963 883
416 222
952 564
769 734
646 132
316 639
69 231
307 120
467 765
568 208
967 824
470 496
623 42
318 164
416 956
659 104
665 831
133 369
27 274
235 663
488 779
958 359
51 9
145 60
607 4
890 8
895 793
665 189
554 803
939 743
100 681
969 360
992 967
316 385
158 333
529 240
303 645
329 26
59 353
22 87
225 89
559 436
581 300
892 931
421 987
120 907
767 134
89 811
609 44
662 22
279 578
284 808
286 362
388 178
111 787
150 469
214 536
729 868
289 695
516 846
595 847
25 469
286 4
826 121
609 383
669 477
742 189
677 628
318 216
114 495
459 449
794 586
216 714
159 572
591 601
741 76
52 231
146 284
150 896
873 618
86 2
177 806
215 746
512 934
570 983
420 722
319 664
622 35
807 951
388 7
222 514
249 465
480 493
132 12
282 945
635 5
356 610
621 42
469 333
680 516
832 463
282 800
28 220
917 842
230 517
395 184
528 758
602 523
146 104
844 636
758 158
26 207
482 407
637 967
669 865
396 461
218 899
349 427
595 303
558 161
745 638
528 404
921 203
427 638
525 505
894 94
909 922
215 503
953 730
127 731
607 589
133 563
405 190
880 696
492 830
163 870
680 412
756 431
577 820
154 623
907 103
510 514
889 763
256 839
932 897
916 14
636 875
765 393
488 75
865 532
281 642
293 3
124 102
307 958
787 392
402 918
534 919
986 232
345 224
843 673
668 268
263 788
507 180
215 639
882 792
792 464
448 262
1000 339
297 962
749 72
53 497
8 46
905 288
341 438
342 977
626 356
810 367
99 252
563 173
196 834
734 454
610 208
147 594
866 70
848 581
615 570
64 244
597 982
815 3
28 343
875 284
307 280
58 926
45 197
810 385
44 669
170 992
83 449
486 782
107 71
288 635
681 500
240 868
131 983
309 944
970 986
476 135
59 169
520 901
135 788
301 44
603 852
486 104
740 616
93 268
836 822
283 990
106 23
975 956
45 484
936 996
901 894
484 488
234 243
72 234
207 260
58 69
443 389
764 551
676 496
233 57
286 205
627 233
112 874
115 61
559 928
394 210
858 479
675 191
72 456
436 873
384 964
612 706
251 698
747 721
21 651
640 795
278 393
176 501
105 273
971 562
739 558
351 284
279 237
161 496
404 696
458 594
385 712
764 883
319 835
268 983
731 259
685 672
276 534
596 643
669 969
670 418
798 759
497 282
649 101
194 282
251 343
83 526
13 839
783 359
967 10
633 602
40 827
352 637
163 307
875 363
32 847
786 472
790 496
296 84
815 39
47 393
13 41
63 401
1 545
263 871
888 637
135 602
762 154
601 905
676 334
623 939
918 391
13 267
306 279
490 456
149 827
150 236
171 835
343 757
244 139
550 589
41 595
336 621
784 133
615 190
301 818
598 968
345 834
239 154
976 556
427 868
250 925
876 825
743 238
722 211
742 150
798 132
910 962
660 237
859 412
59 750
261 358
688 222
45 463
928 557
980 862
95 601
370 72
966 336
284 312
301 758
17 915
949 58
4 687
613 109
815 673
446 28
199 316
96 695
605 958
52 34
873 530
394 669
434 350
644 253
424 344
311 725
98 130
886 171
613 545
320 136
502 160
31 714
355 67
142 369
843 36
420 883
807 577
939 585
726 883
804 729
416 522
473 975
707 563
750 978
144 132
507 696
148 724
224 434
386 65
204 760
226 256
634 389
174 32
400 732
400 941
317 488
652 251
174 147
144 418
328 351
1 303
831 855
227 775
488 517
788 634
220 68
663 330
997 652
462 424
174 476
327 794
54 118
419 471
794 681
872 585
210 336
998 185
231 554
15 585
896 201
642 997
103 620
507 367
932 622
800 516
983 45
859 99
290 314
916 474
685 739
669 254
553 368
177 980
950 713
203 852
422 438
66 452
303 541
226 670
759 488
389 216
945 769
138 600
327 124
432 860
649 44
185 849
407 292
924 242
653 524
354 438
454 769
666 937
792 612
523 724
999 543
47 242
907 885
782 67
843 212
269 148
640 552
539 346
297 91
61 18
787 920
457 285
829 45
952 584
413 161
408 742
961 782
690 196
254 370
377 199
840 681
399 936
970 84
473 596
224 350
280 544
562 394
50 246
35 278
993 14
26 127
338 189
11 737
490 747
400 792
229 110
957 909
500 968
34 292
36 362
755 850
718 330
573 605
387 960
709 141
620 600
801 758
561 142
410 658
530 61
542 84
996 334
275 618
561 799
559 892
618 472
447 54
730 702
786 764
256 163
864 968
39 232
77 53
774 101
668 760
741 30
814 331
7 846
502 514
659 487
552 885
989 704
563 73
124 103
289 158
170 139
930 385
682 238
21 944
543 991
490 895
458 273
28 556
313 498
995 202
374 133
450 685
161 678
738 225
541 347
320 321
530 365
640 564
528 565
32 804
74 419
669 552
49 615
252 822
880 119
454 352
968 731
539 68
903 735
547 679
454 297
295 879
762 246
28 435
948 647
240 756
867 593
512 243
905 844
983 691
231 942
804 70
443 880
659 132
404 852
816 444
762 456
432 437
253 195
364 407
127 766
242 596
757 339
409 875
449 854
920 281
423 382
813 178
686 320
67 272
569 566
412 215
455 180
665 459
231 295
686 21
353 631
234 402
897 232
148 38
556 107
849 247
988 232
102 741
837 606
916 35
305 156
251 28
594 325
78 338
940 345
817 482
944 681
935 133
626 882
935 86
593 448
744 249
216 562
381 532
826 387
60 739
702 310
631 372
377 609
802 376
950 544
475 576
901 100
616 66
734 572
467 592
639 831
812 557
791 597
562 959
892 358
105 876
514 826
112 1
705 909
230 992
122 233
620 280
257 700
520 102
675 213
406 287
803 785
544 124
193 322
678 203
407 931
374 306
585 977
966 214
914 437
53 871
620 77
168 593
443 996
460 958
282 426
250 486
487 471
864 342
978 290
373 284
374 591
721 682
736 272
24 652
975 499
106 87
357 776
429 491
766 428
804 201
453 485
456 87
849 416
426 627
813 5
564 957
376 782
512 528
500 875
515 391
898 261
634 917
67 268
51 915
547 54
604 61
736 116
937 918
33 285
566 97
238 582
349 575
902 103
30 418
146 679
497 249
660 325
958 862
919 981
635 575
526 642
674 113
126 672
787 338
492 436
632 507
885 983
467 782
708 944
950 669
628 802
313 328
521 147
995 292
618 581
97 654
575 433
544 331
997 495
502 903
48 954
485 731
886 825
933 216
130 535
421 52
406 328
498 681
529 315
506 172
566 894
735 93
458 11
596 501
524 634
550 418
199 784
827 555
593 973
226 174
100 683
654 197
164 200
700 394
378 986
23 151
706 535
676 389
448 779
396 43
951 315
457 211
844 937
993 481
704 124
939 903
430 254
107 415
770 107
898 84
535 169
766 377
919 905
73 492
292 842
465 362
250 732
822 302
895 300
326 601
699 17
702 848
738 633
776 774
64 616
12 456
989 424
543 345
923 838
570 60
671 236
703 861
879 393
458 983
850 897
890 946
724 666
764 991
396 845
347 153
739 651
612 667
92 802
29 958
962 502
177 634
696 726
751 48
879 111
972 771
349 860
564 469
470 208
94 636
782 439
432 743
56 83
844 212
883 719
226 671
891 147
229 536
857 359
431 316
7 908
877 924
130 985
901 188
80 312
134 549
728 500
467 520
838 521
734 469
326 317
647 985
964 689
714 922
290 878
739 37
759 190
463 877
464 965
31 681
503 636
855 651
731 921
19 517
984 851
501 75
528 601
840 859
785 78
126 632
643 184
80 644
284 329
376 283
133 12
925 874
8 337
607 280
847 297
775 572
353 61
300 919
304 487
879 888
650 806
653 177
912 117
110 814
554 694
774 655
334 438
962 999
724 250
779 649
28 817
710 829
399 766
314 930
386 503
602 247
449 841
266 769
875 783
768 707
435 862
883 264
314 21
25 222
524 128
914 976
898 461
936 552
923 802
284 556
901 587
189 873
241 26
829 107
648 742
722 299
327 684
882 165
721 97
731 392
324 610
332 85
527 340
910 324
204 159
62 5
948 89
659 53
277 954
489 852
818 622
449 241
13 976
844 478
388 372
317 58
503 467
235 849
903 824
581 68
709 633
502 233
363 181
847 751
784 735
924 194
955 92
640 851
538 482
350 348
338 380
636 685
664 944
148 257
358 202
322 852
810 673
704 164
705 413
45 916
304 274
654 598
982 867
644 552
83 142
357 787
818 359
430 929
324 236
182 198
25 9
228 512
634 527
736 83
849 468
21 67
275 702
279 948
741 351
413 212
340 884
659 548
682 655
935 371
202 885
479 951
850 841
82 735
104 955
786 737
270 502
660 186
220 625
901 304
522 167
560 510
791 725
765 427
34 781
218 94
971 564
254 688
458 705
612 290
212 944
413 359
911 152
843 766
937 629
8 287
497 442
51 483
659 224
623 275
783 677
455 308
407 510
433 871
734 759
881 97
610 545
424 382
332 351
498 563
566 736
550 165
682 485
41 507
960 719
812 864
501 225
982 336
450 545
107 966
340 16
86 500
587 49
326 39
408 688
889 313
448 177
687 932
784 827
88 216
622 533
799 509
838 29
387 351
705 456
524 772
542 180
35 209
533 562
900 519
940 724
979 6
856 69
15 800
804 123
399 641
712 794
949 723
658 736
932 263
680 312
111 760
920 455
613 166
850 792
681 126
300 488
86 569
983 805
751 742
413 184
751 174
642 910
20 14
501 879
154 724
985 562
622 441
803 737
989 662
635 574
907 655
699 545
936 103
480 889
389 81
708 945
160 871
610 739
133 92
561 657
365 227
207 176
151 936
852 523
40 1
108 996
105 702
549 725
971 143
700 583
613 734
69 624
926 236
472 70
735 207
937 156
668 20
285 708
566 895
594 565
754 503
465 796
482 146
47 62
947 634
412 713
676 398
239 806
19 601
629 362
369 556
425 850
763 508
212 110
782 822
62 859
17 136
545 288
918 310
369 701
282 28
585 861
982 969
783 648
879 871
383 340
240 686
352 488
26 25
118 643
211 31
358 146
819 348
197 48
366 761
849 737
150 142
667 784
118 562
448 554
880 894
90 711
883 446
483 780
639 98
673 716
802 936
875 802
968 384
805 563
255 730
746 29
214 543
271 588
195 726
689 427
926 424
488 180
845 808
548 850
640 192
215 16
697 419
546 105
565 955
531 775
588 492
47 553
907 568
413 303
142 953
697 92
809 634
609 824
354 329
248 956
262 604
341 189
714 697
53 361
668 346
658 416
606 506
473 158
659 52
636 144
914 73
697 687
330 896
82 92
299 903
697 536
734 765
564 146
895 830
861 491
440 953
529 64
783 639
58 616
301 436
853 647
781 106
418 624
116 341
615 909
239 342
801 901
799 931
370 744
496 947
23 920
124 991
73 399
590 740
208 676
34 290
442 875
580 361
31 403
915 516
953 441
456 255
662 275
186 456
872 679
319 148
11 175
820 655
586 553
110 363
807 387
498 505
941 697
836 401
596 629
206 681
688 152
392 421
548 636
163 726
513 31
575 133
284 354
712 381
52 198
939 70
855 724
562 734
319 808
655 130
90 416
950 602
366 269
601 980
408 806
692 389
964 674
514 933
768 477
915 414
41 269
167 501
51 31
318 926
925 265
85 92
658 388
44 660
520 509
424 274
246 449
934 168
577 109
47 431
861 941
559 154
743 393
9 602
876 110
285 497
899 33
966 178
732 557
473 694
828 120
115 417
905 737
74 174
488 673
286 628
110 856
650 987
153 161
45 915
852 485
727 731
747 249
583 407
953 650
475 474
550 717
153 82
945 30
875 861
879 637
439 812
352 254
667 585
707 200
570 372
110 549
798 284
730 638
858 555
922 472
427 906
638 942
646 995
349 993
724 723
85 587
831 891
518 169
426 209
48 291
447 165
894 534
54 457
510 799
81 301
355 858
748 675
674 218
233 634
397 545
694 793
106 414
241 167
539 728
901 465
904 331
942 775
927 653
472 845
184 193
937 389
111 494
207 751
725 366
321 120
801 182
765 637
327 70
960 593
908 657
359 625
624 718
606 434
570 748
916 976
722 995
265 738
292 269
39 560
247 909
31 608
530 65
736 726
459 645
832 185
300 647
265 988
303 468
405 682
94 614
207 208
302 60
753 618
665 592
62 860
806 469
54 732
221 165
663 434
38 803
410 276
853 544
768 622
254 55
201 137
23 960
407 609
908 394
968 357
954 792
572 895
990 481
931 200
716 850
533 132
845 946
189 974
480 318
98 869
7 93
675 207
345 752
197 639
493 472
613 295
426 403
134 96
483 606
390 254
342 263
107 910
509 814
646 975
232 651
155 992
104 920
68 273
111 191
18 491
399 26
256 284
366 491
815 674
411 696
983 360
294 215
730 25
172 759
87 388
643 642
172 646
564 128
218 452
551 394
735 185
132 20
173 832
728 393
284 255
195 972
469 181
869 948
268 683
730 458
288 361
397 9
173 610
448 111
691 477
74 505
662 750
165 910
938 654
745 868
710 154
966 48
198 78
379 752
2 253
153 451
357 743
800 466
550 642
996 898
643 627
69 68
586 126
535 171
59 210
945 770
686 45
998 747
547 361
710 983
324 150
658 690
552 433
205 276
41 588
980 441
175 665
5 258
680 277
275 539
314 127
277 105
90 523
750 578
401 913
116 822
558 325
210 335
102 833
893 74
16 540
609 371
850 895
707 794
711 834
33 319
986 335
181 239
253 8
169 687
439 683
890 803
872 362
30 412
677 847
3 964
985 161
138 869
216 637
837 933
789 706
578 311
194 12
471 600
4 797
260 423
815 567
873 610
389 755
994 662
385 934
778 695
375 365
748 905
146 77
669 831
610 857
558 745
169 439
890 185
247 964
812 69
402 389
574 375
43 531
64 236
876 11
970 192
239 837
774 976
196 520
857 850
788 852
165 819
297 395
444 366
407 858
965 988
238 678
785 366
73 172
283 601
729 569
322 993
990 432
918 61
131 669
279 96
63 734
121 297
792 41
438 150
798 406
139 23
233 176
162 364
521 819
59 988
245 569
698 253
42 633
996 506
393 785
18 650
292 733
82 761
101 43
447 51
233 867
324 334
732 323
347 231
273 613
510 736
539 846
540 573
85 392
623 136
401 441
608 447
256 452
845 446
988 504
850 532
938 532
263 643
30 666
566 504
231 248
845 271
792 421
388 80
119 46
89 239
881 123
990 679
526 649
846 651
905 219
1000 343
397 367
71 88
338 713
213 135
201 711
922 673
334 326
674 746
17 53
71 382
592 431
406 481
781 171
942 2
696 509
3 214
311 316
45 752
317 907
193 389
875 161
32 517
808 102
975 250
226 455
597 820
657 391
219 562
112 418
280 686
429 115
396 380
898 26
884 951
866 646
142 26
267 489
31 80
824 922
460 809
58 478
888 33
54 679
880 645
516 883
441 319
426 557
23 669
923 659
332 951
115 1
611 538
707 837
814 747
233 974
604 203
915 912
992 217
779 710
217 910
573 372
609 532
919 985
78 337
927 622
12 239
772 557
534 75
367 893
256 606
800 702
503 77
790 33
342 53
513 863
94 570
857 300
125 556
612 2
647 637
375 420
344 264
566 631
380 478
591 799
378 235
527 472
867 757
368 13
593 708
890 142
711 108
367 216
933 178
292 270
899 894
442 767
773 857
631 949
66 975
361 997
692 815
940 808
358 504
2 359
810 478
353 153
540 235
227 672
801 753
295 959
701 920
683 757
210 661
533 719
383 434
353 677
227 926
430 225
987 740
804 22
931 55
169 801
174 591
135 884
68 297
528 143
345 932
110 740
723 402
227 892
102 120
712 796
289 573
785 592
334 31
340 948
680 457
69 614
78 96
25 148
266 86
822 99
721 892
759 988
968 211
958 335
318 365
803 497
660 88
509 670
720 323
149 477
480 908
815 828
925 670
391 624
968 945
329 901
660 975
182 30
293 546
664 394
725 559
817 668
342 81
604 636
592 924
593 501
223 182
759 256
950 69
235 186
783 48
308 464
330 648
882 973
459 100
393 374
142 91
787 162
955 305
221 546
666 849
739 124
834 155
871 934
221 595
576 590
636 898
947 985
731 958
843 216
516 66
931 277
791 856
4 382
580 925
888 967
1 656
80 516
292 433
719 490
424 9
540 207
210 742
783 613
153 894
377 152
676 366
783 650
54 526
495 616
982 830
414 235
848 548
961 753
174 262
103 164
250 616
34 429
732 820
895 344
529 420
774 561
922 204
573 24
988 93
534 465
629 861
758 627
495 260
814 833
780 881
55 295
637 949
646 654
663 548
150 601
872 589
923 859
162 864
547 983
140 615
773 395
346 316
932 539
148 106
834 537
72 260
73 557
102 672
285 64
458 692
896 21
82 564
122 761
67 152
450 48
52 236
740 993
43 931
246 686
925 1
30 703
180 72
143 68
185 310
808 672
757 707
846 684
653 520
194 303
887 553
143 282
274 407
816 638
982 303
344 111
273 85
331 347
575 692
925 581
784 615
415 523
143 568
365 632
131 192
481 817
636 533
451 831
403 788
116 440
526 362
50 99
179 893
611 862
885 99
353 50
54 763
616 744
999 223
122 369
31 857
53 973
153 203
64 314
766 265
715 112
519 551
46 106
254 420
138 371
246 931
91 305
720 719
96 233
302 655
802 829
1 315
234 299
931 131
91 430
827 883
483 520
484 215
51 972
57 355
185 150
883 43
811 966
871 47
267 904
842 780
209 266
878 487
450 20
267 630
915 91
181 996
682 859
220 910
994 601
151 524
90 717
821 180
678 743
649 483
561 735
798 668
178 573
549 538
813 498
38 17
518 271
132 94
174 791
299 654
565 288
911 980
382 692
454 865
146 174
544 806
667 368
939 503
688 693
619 603
247 826
934 174
41 45
259 482
853 470
892 572
71 377
739 467
102 28
335 260
247 600
481 617
786 256
164 188
776 310
961 423
575 799
338 266
638 385
840 600
767 103
150 197
316 309
445 41
438 192
60 398
150 180
323 640
395 63
750 793
107 745
14 807
550 949
96 6
500 808
462 745
448 643
422 935
189 936
461 899
356 609
764 572
106 306
894 427
641 453
561 174
999 568
594 430
926 360
195 9
825 898
295 98
850 727
869 73
910 517
177 903
531 720
579 612
110 103
826 284
388 791
155 548
835 198
730 944
837 892
968 997
973 364
446 500
41 18
162 6
664 333
596 648
557 766
136 166
782 285
70 595
234 997
825 318
27 268
890 284
526 230
971 117
882 648
961 63
834 295
416 884
273 29
245 233
190 682
53 754
184 639
921 586
4 298
758 57
378 962
689 742
654 356
969 374
681 74
774 921
736 615
724 488
640 229
946 30
914 448
442 598
481 173
173 175
875 29
438 829
25 456
903 477
338 129
253 882
590 691
535 246
828 380
49 664
776 671
483 789
11 954
824 951
254 532
774 485
386 442
760 9
633 381
871 783
747 261
841 840
513 935
101 128
963 317
837 284
508 134
453 515
190 462
689 285
564 735
198 949
414 246
111 72
775 235
68 893
696 574
569 304
418 348
256 367
613 7
228 123
121 909
656 896
312 182
21 530
25 727
9 250
583 576
105 385
68 531
633 973
830 491
656 937
616 19
172 753
856 546
13 563
199 200
19 158
484 690
696 122
612 182
853 172
985 28
550 196
865 758
28 246
502 165
765 865
454 261
239 946
539 226
66 976
731 441
624 970
71 321
757 802
875 219
896 868
865 34
118 148
174 37
363 716
610 503
131 786
164 779
895 458
3 364
537 733
547 628
672 909
514 96
991 820
387 602
727 626
90 629
932 294
957 981
906 857
263 68
215 207
555 562
37 791
99 846
760 916
667 672
11 132
713 290
966 924
73 579
2 998
447 25
394 151
472 715
829 785
167 910
67 561
105 323
397 901
694 933
989 759
973 210
356 217
428 585
413 443
16 545
281 979
453 938
203 843
497 106
261 103
815 576
170 35
155 669
392 121
946 640
907 906
894 782
734 547
94 386
350 808
132 123
557 710
597 361
523 634
429 679
229 661
382 665
588 92
740 359
787 814
594 799
166 281
317 131
705 800
808 366
705 250
852 895
949 548
355 123
966 131
967 350
400 224
771 499
130 281
139 589
473 607
75 959
165 219
631 642
504 195
834 161
474 999
753 560
348 972
560 684
524 975
746 715
163 417
183 34
379 799
675 474
988 179
384 289
537 285
774 530
116 118
742 486
177 478
898 342
348 129
132 854
614 172
82 469
944 440
568 50
625 937
366 869
37 779
367 20
663 587
480 760
957 874
357 212
154 617
788 341
128 68
147 480
20 82
479 607
617 122
485 202
142 549
915 999
204 294
8 521
225 773
445 588
122 683
194 844
125 804
493 192
294 307
761 976
632 456
150 823
242 788
307 821
695 670
554 286
902 988
430 686
70 628
77 681
661 651
152 949
869 744
126 815
571 942
657 231
313 614
832 434
616 265
619 602
505 206
74 349
628 804
365 458
611 14
994 410
960 278
639 484
765 809
93 448
648 403
475 828
580 982
544 196
1000 902
801 747
507 758
952 617
598 506
486 768
107 61
698 744
365 893
685 414
945 305
359 99
438 854
576 115
226 436
871 4
927 502
692 649
364 211
839 554
771 794
205 714
500 470
796 767
487 652
291 481
475 332
225 357
244 391
350 394
180 943
93 678
684 271
632 40
44 110
556 209
3 723
980 721
806 649
755 83
613 145
172 857
293 822
136 673
750 346
452 505
474 81
347 197
204 330
370 94
225 801
445 592
800 577
945 552
159 754
589 121
132 398
575 186
704 945
527 263
165 450
212 847
48 728
910 292
531 945
19 133
682 207
48 915
782 226
994 348
855 617
14 59
252 514
330 884
354 110
528 903
839 53
202 138
882 536
995 971
304 758
1000 595
71 613
554 822
987 984
35 503
239 895
265 850
14 631
715 294
678 430
93 198
80 991
83 80
488 640
322 948
841 156
399 796
474 303
495 967
206 270
23 876
989 189
572 907
116 63
173 80
709 46
931 825
973 361
534 459
607 643
866 539
353 692
473 497
250 820
713 180
947 591
181 502
642 872
741 750
69 47
546 268
663 470
948 806
497 914
205 417
958 609
29 851
765 105
306 804
19 96
449 704
276 867
302 999
854 272
327 368
310 582
830 281
668 428
119 242
949 645
952 130
380 286
181 987
981 772
817 739
381 697
912 98
199 203
327 406
812 546
616 163
872 205
565 246
969 981
74 691
679 338
717 923
866 439
973 625
668 225
946 511
736 919
433 665
725 97
446 578
32 242
913 159
936 328
899 860
477 888
313 783
957 78
960 350
245 204
822 884
89 368
200 848
329 289
936 471
424 11
558 946
118 997
301 315
505 480
303 797
141 146
696 439
257 957
377 158
430 144
895 100
69 699
538 329
903 435
926 976
513 285
823 376
365 982
738 272
334 351
279 490
447 580
533 963
477 429
842 915
871 221
84 753
96 207
79 318
799 17
346 585
793 200
534 430
319 380
711 942
309 438
310 145
963 169
664 202
238 958
194 873
621 590
380 92
475 880
519 197
208 85
380 179
143 209
460 123
480 793
264 982
88 570
783 367
700 769
287 778
185 308
313 367
941 789
122 985
602 47
399 460
52 12
628 826
80 317
134 542
319 534
394 699
412 267
973 742
631 974
304 815
965 534
857 949
899 184
458 40
91 471
389 646
84 226
207 345
933 100
145 418
886 427
652 439
780 380
853 274
797 644
676 317
878 959
572 254
684 992
226 318
317 981
875 87
605 354
552 114
808 28
202 311
791 205
960 247
541 806
448 923
70 996
310 305
258 404
277 168
996 816
278 851
339 355
568 875
275 971
367 305
444 574
767 283
876 900
206 96
524 189
128 214
846 48
745 163
711 914
175 924
742 848
48 428
160 598
414 207
881 572
972 717
760 655
209 255
122 680
485 346
570 144
43 112
66 435
342 44
823 599
590 326
702 284
722 582
228 387
566 511
143 90
402 32
898 957
884 465
237 476
403 374
479 419
95 645
790 653
661 763
900 69
832 435
731 587
291 582
240 46
807 694
652 629
943 86
321 803
451 908
583 79
363 168
770 1000
866 65
9 606
728 98
487 203
773 516
813 599
782 754
182 526
2 160
260 760
745 690
852 114
943 805
286 632
32 631
789 399
292 169
934 616
888 326
905 886
712 660
231 932
14 954
434 728
365 926
205 713
900 959
210 97
33 952
107 747
948 931
163 45
737 144
186 150
975 394
851 152
176 928
33 553
675 70
324 120
182 74
355 190
636 30
758 697
836 211
12 397
654 996
768 851
276 106
851 502
798 147
176 142
50 683
827 353
426 330
137 309
245 828
926 119
431 959
555 283
497 215
686 663
122 716
618 329
640 59
803 601
631 477
958 823
137 23
191 172
88 579
878 110
811 83
170 105
977 879
197 146
844 25
807 999
419 958
522 789
890 427
212 659
414 743
554 386
496 198
534 649
506 422
958 480
616 215
981 65
557 917
553 714
956 641
61 995
910 977
670 583
621 235
190 680
815 420
202 26
496 307
39 957
188 89
887 729
28 434
691 114
503 720
931 547
473 613
700 508
166 512
316 501
943 840
70 172
553 134
992 930
316 356
893 638
861 476
893 789
240 534
810 654
225 166
558 224
962 953
282 592
121 373
15 815
292 860
495 823
79 180
377 342
619 419
1 230
884 5
128 239
435 925
295 333
228 944
745 234
998 148
249 556
876 816
825 706
608 62
312 491
771 676
573 752
812 72
371 904
742 137
210 502
584 55
287 654
436 852
789 968
829 779
963 93
656 627
731 41
695 434
186 750
281 722
341 834
350 528
186 593
795 677
902 891
546 266
388 671
32 311
765 315
252 466
274 924
934 296
5 12
463 704
583 723
307 876
498 592
40 646
431 4
456 880
661 819
97 610
114 512
832 507
706 476
66 88
196 882
401 794
829 2
523 6
649 868
616 465
515 783
365 546
630 214
297 258
705 141
942 338
670 861
748 101
417 837
561 450
790 262
168 241
645 513
631 696
745 761
654 497
359 85
70 136
588 589
700 119
573 255
779 608
213 752
767 57
714 439
936 133
865 33
244 218
640 223
374 941
204 281
110 647
574 317
724 851
799 131
145 914
917 468
29 532
121 627
372 615
110 481
665 316
941 319
822 66
932 518
882 473
404 479
613 327
121 845
198 292
803 307
368 942
388 971
1000 163
967 609
199 507
95 698
730 967
734 775
54 437
410 100
609 962
811 10
831 71
48 638
838 865
837 818
878 38
661 516
4 793
820 155
894 780
469 711
60 528
618 818
568 99
182 999
474 249
387 177
425 6
724 38
767 421
341 410
179 51
877 184
736 948
878 755
146 216
809 936
477 810
334 845
133 494
675 819
11 495
514 623
553 403
807 610
794 820
61 156
835 877
31 548
508 665
162 821
95 429
745 836
886 743
126 461
879 785
845 252
978 706
652 263
948 682
734 159
604 899
164 816
83 11
875 999
288 821
608 698
827 152
84 133
979 965
983 533
896 543
793 846
720 819
383 597
25 55
618 158
598 920
197 785
901 915
360 305
103 427
90 966
309 280
715 813
935 756
607 875
558 357
279 860
637 500
107 957
842 696
744 486
898 940
362 517
401 659
256 186
648 748
849 29
613 204
6 490
512 107
411 759
682 838
671 799
388 205
150 932
337 739
856 621
450 898
512 137
770 3
75 307
811 391
333 631
816 543
915 421
19 216
739 873
351 87
223 195
377 680
982 479
506 12
144 519
916 569
528 925
655 476
352 889
537 865
296 209
905 441
434 67
805 608
644 280
30 609
465 863
562 327
874 565
834 65
396 139
415 377
314 77
296 15
4 448
399 917
98 278
64 490
687 178
529 61
84 461
205 631
136 950
286 392
527 714
328 158
382 81
607 536
700 174
27 572
600 490
358 46
296 587
685 207
727 494
945 98
598 932
328 124
20 786
419 266
64 598
104 643
600 520
927 167
486 477
698 157
807 461
883 155
146 863
483 553
94 909
572 549
833 739
246 856
458 163
584 107
103 685
920 330
307 112
799 845
77 978
392 326
891 386
522 386
711 663
177 900
474 206
368 581
720 234
96 564
830 355
696 771
915 227
330 513
294 172
877 973
694 653
56 17
811 483
123 459
401 187
274 75
900 171
854 520
566 762
751 554
864 167
961 60
344 42
917 793
735 102
579 522
943 117
987 941
344 217
198 212
145 472
199 805
348 737
701 35
300 636
49 644
361 634
72 739
514 454
218 801
684 794
352 339
443 908
743 313
13 434
733 355
117 506
426 969
244 848
743 142
102 274
174 127
490 48
989 10
610 321
135 880
671 339
582 155
196 932
70 335
399 655
456 463
700 178
713 41
953 538
989 396
261 571
724 943
488 975
824 809
663 540
883 185
58 208
612 543
168 880
208 333
371 907
155 886
101 30
324 371
695 284
630 943
78 262
851 514
764 801
338 392
911 292
149 602
287 542
932 961
637 158
677 807
808 938
327 370
556 868
117 810
53 238
256 384
655 693
209 480
372 948
946 667
730 2
568 217
270 97
38 205
757 747
702 164
547 757
669 933
337 461
856 724
657 997
105 672
866 914
223 80
221 687
113 366
773 808
562 557
835 739
505 132
394 999
431 629
60 194
481 371
852 870
598 326
545 586
979 349
763 498
821 734
515 927
630 70
377 156
657 722
842 126
771 182
935 20
836 592
694 263
864 553
754 949
281 87
249 715
606 777
276 350
617 720
49 108
654 643
223 828
115 223
172 110
599 561
853 801
485 575
777 753
561 154
229 508
790 97
716 962
418 157
721 860
168 876
673 913
341 515
124 373
911 395
604 143
896 112
381 258
163 595
590 78
958 914
656 592
663 887
977 148
707 63
878 180
354 362
816 741
531 890
768 344
825 153
221 864
368 284
359 982
325 706
731 323
19 191
810 94
613 875
325 699
602 476
568 100
991 34
26 528
905 307
138 516
490 549
181 576
819 194
93 505
313 809
706 336
505 17
639 338
990 8
663 162
614 660
316 463
174 981
823 440
218 793
260 518
745 724
360 762
982 862
269 673
110 817
457 833
376 111
233 298
26 526
879 615
42 832
427 646
159 199
306 569
381 83
128 825
609 432
883 273
632 15
704 492
851 367
979 802
708 428
30 176
413 856
859 776
272 632
387 857
620 743
181 349
935 324
918 626
171 411
137 287
923 936
978 835
656 557
252 198
695 324
147 338
259 780
133 875
116 565
691 785
727 87
472 601
949 201
753 504
346 62
536 98
226 600
815 752
564 432
711 579
475 719
797 54
891 199
564 295
215 641
438 324
864 669
194 581
811 390
754 196
807 850
323 123
919 628
665 845
815 327
251 322
624 728
531 116
184 265
293 425
740 262
687 889
834 223
672 46
892 457
970 271
735 13
368 117
298 384
192 899
984 772
374 447
539 175
594 482
373 125
430 492
639 374
184 726
666 294
294 559
903 727
117 120
654 319
568 700
535 8
267 270
840 604
857 546
969 440
995 826
572 115
97 85
244 236
634 308
887 906
157 755
908 13
909 804
72 821
182 302
292 826
222 575
63 761
626 979
429 511
215 402
14 811
733 81
761 275
6 907
500 820
263 120
966 569
416 565
560 824
281 297
138 482
157 390
341 729
189 719
909 17
438 401
479 559
899 32
394 219
366 247
479 956
885 729
9 480
262 978
712 161
306 910
875 202
811 183
650 123
357 289
747 857
507 412
143 154
437 505
114 86
673 187
146 349
5 904
117 966
8 262
837 986
1000 410
268 968
626 76
935 172
952 366
431 509
270 53
165 289
385 993
691 297
306 185
872 510
342 923
661 797
668 15
482 22
344 43
862 237
627 872
463 22
292 410
80 692
979 320
84 36
446 903
876 72
911 635
456 643
580 836
373 194
328 477
790 235
900 639
687 337
395 881
72 962
179 550
330 390
684 569
79 1
615 979
767 3
969 88
700 179
168 452
685 161
300 193
652 46
638 131
984 550
966 650
953 537
861 480
379 376
171 692
12 476
880 678
366 945
93 647
573 669
172 26
135 422
488 863
841 733
354 422
21 459
573 782
775 86
564 731
289 899
306 803
424 886
629 535
794 636
669 352
157 140
15 274
275 885
121 913
30 309
664 382
142 659
881 331
73 790
349 316
612 461
775 389
579 28
962 140
998 726
531 865
950 661
517 862
845 321
739 962
186 974
809 603
725 667
265 469
489 887
991 184
369 153
5 411
859 448
946 619
496 228
521 117
575 270
635 115
284 245
757 719
346 554
333 864
597 179
984 168
360 642
847 575
973 848
851 240
94 362
197 342
329 294
148 878
629 371
470 355
10 843
887 703
212 117
236 275
495 518
424 157
335 105
562 415
766 647
255 134
757 64
842 469
124 835
658 541
366 640
40 348
331 847
975 46
432 486
140 943
966 359
222 485
352 205
25 89
654 640
576 828
680 283
663 690
135 117
708 329
727 511
880 706
954 73
833 904
390 77
710 634
253 485
168 877
831 274
203 501
814 888
767 716
864 805
8 529
423 278
54 280
116 577
501 765
191 145
926 220
1 498
103 837
531 780
365 402
792 288
497 110
815 588
281 861
468 601
878 36
865 987
115 590
440 250
8 478
317 332
907 910
912 884
288 62
695 807
127 274
436 285
429 564
319 608
468 942
855 530
415 609
398 849
152 891
687 981
430 358
992 671
130 354
61 154
815 113
359 405
487 160
501 105
23 66
743 499
357 692
303 818
297 397
26 213
463 795
32 622
767 78
948 692
54 751
331 666
301 62
836 201
434 737
201 250
319 897
457 832
888 412
745 501
3 477
873 345
486 164
306 566
951 170
481 469
591 195
439 886
918 875
600 558
742 786
793 588
811 940
629 237
814 721
267 830
451 45
90 887
368 893
669 439
735 810
263 330
160 617
803 721
310 995
908 779
725 896
318 302
391 550
582 831
977 72
971 512
923 180
858 146
803 527
493 77
208 963
194 106
583 516
341 233
660 883
113 122
77 671
355 5
929 854
986 865
329 674
807 845
655 425
640 670
221 613
937 332
791 697
60 421
501 277
818 761
191 585
307 68
493 657
277 676
606 694
264 305
339 855
327 361
51 75
252 984
736 705
202 229
863 232
190 514
586 286
934 909
39 875
23 102
562 468
726 547
452 764
383 388
231 72
619 154
303 583
572 12
585 239
126 201
383 762
775 830
906 571
13 304
819 522
239 283
828 708
477 402
81 969
301 196
315 21
267 124
471 244
418 992
20 796
662 327
918 829
375 600
820 763
508 383
293 837
936 524
612 613
480 664
764 936
509 771
465 229
507 302
696 946
418 309
76 313
958 939
81 405
815 806
997 143
1000 253
674 98
161 29
950 287
336 229
100 6
363 700
677 516
579 176
964 638
53 313
536 797
720 863
114 313
186 922
207 756
62 41
438 182
691 699
873 572
9 780
218 260
400 511
809 853
458 141
8 244
745 444
105 996
612 866
520 111
120 531
14 345
507 569
240 988
23 21
481 454
106 957
468 196
142 32
191 976
568 601
787 697
644 726
349 120
436 541
945 337
908 163
106 863
912 38
821 832
292 200
205 537
791 246
218 439
156 47
567 879
606 787
58 269
185 952
478 678
942 241
220 489
58 508
6 884
233 114
270 777
819 998
101 372
422 599
703 674
100 373
337 109
632 52
346 566
313 4
760 859
389 423
10 44
238 78
994 824
427 141
307 595
261 441
179 525
693 11
218 173
185 284
169 999
721 306
189 508
815 536
119 127
582 520
307 881
15 160
950 517
165 371
792 483
930 561
659 117
916 524
60 510
706 424
688 739
478 36
624 880
532 707
607 9
892 145
131 234
117 285
616 468
266 55
217 431
400 249
348 711
130 270
849 942
735 940
641 811
563 28
857 895
844 595
538 290
102 429
657 432
349 92
463 233
948 832
997 545
581 162
656 7
875 909
755 723
811 677
993 218
617 726
357 851
418 953
48 166
825 626
37 786
944 752
707 882
267 789
931 378
239 49
854 598
363 969
107 867
879 1
720 406
441 91
794 593
427 88
820 977
769 277
259 931
379 144
859 234
309 197
935 17
831 64
889 424
906 361
124 574
859 283
218 129
990 547
826 576
385 535
721 286
631 311
355 1000
825 987
69 826
530 316
91 546
631 164
338 845
580 676
731 754
769 977
493 795
636 845
716 737
606 397
226 105
632 988
818 677
302 306
175 32
343 590
485 984
913 127
681 235
575 515
445 314
247 626
255 71
719 49
793 594
758 122
409 345
139 576
670 956
135 916
763 513
303 674
804 453
328 278
736 499
679 775
230 493
103 113
486 123
275 862
719 155
871 108
49 61
395 9
415 218
842 370
20 650
737 136
17 110
999 264
395 102
309 756
537 401
719 953
578 831
443 370
524 185
12 485
297 985
745 167
671 203
565 596
343 10
181 347
811 828
391 656
234 567
412 49
845 85
902 36
924 612
156 414
513 686
621 558
509 576
657 727
111 252
518 84
575 141
954 768
838 817
255 961
695 612
76 244
646 168
542 489
62 210
51 398
656 860
255 598
950 594
960 990
34 563
319 566
706 835
258 314
813 800
27 215
283 65
967 27
812 527
517 56
661 102
437 889
300 667
612 250
636 567
623 811
607 214
205 786
286 340
601 265
417 770
476 235
594 578
146 827
488 681
822 594
514 259
606 933
41 979
33 963
20 575
390 345
417 477
842 406
612 768
550 830
516 890
367 454
594 134
889 578
589 385
348 273
901 517
703 649
428 345
341 584
103 601
635 56
421 15
990 749
120 479
342 354
842 810
42 358
647 455
482 47
474 353
900 296
518 48
71 228
122 571
412 139
953 461
416 206
56 165
554 364
493 48
384 620
901 473
423 773
463 744
190 16
857 309
470 480
381 667
207 759
145 69
299 648
17 351
915 450
583 777
64 968
274 473
259 439
44 967
66 855
433 632
749 434
201 740
572 493
847 549
544 118
174 817
544 852
880 62
718 818
921 588
459 701
478 363
615 670
28 398
469 620
663 228
272 119
127 977
53 926
862 412
371 419
723 822
580 725
463 499
875 19
288 769
311 63
166 742
83 196
252 132
654 571
344 536
828 378
961 671
980 429
158 801
822 344
953 543
920 464
900 814
486 365
272 563
111 880
771 539
272 788
366 806
669 461
87 88
458 776
42 715
719 663
8 631
229 167
530 676
513 914
163 521
882 147
460 771
4 515
332 176
433 374
171 114
411 515
232 100
707 120
111 308
445 992
623 132
513 700
473 495
899 647
762 559
288 20
373 767
891 126
32 41
450 888
714 541
221 571
791 627
830 207
298 292
528 841
564 63
503 509
341 386
415 911
507 998
863 13
460 528
450 538
110 2
850 624
415 685
607 153
667 92
746 575
139 551
636 639
417 857
754 718
918 463
904 611
667 205
779 535
619 212
35 359
18 619
40 463
796 542
728 892
361 373
508 764
185 711
909 238
278 840
414 280
846 319
828 286
701 520
410 483
310 72
167 721
775 918
799 28
15 557
567 16
880 708
699 152
99 884
98 769
851 453
135 388
855 277
841 767
237 542
647 720
221 891
617 593
7 206
524 500
928 271
935 306
115 367
890 811
813 610
15 368
181 24
55 627
794 961
601 549
379 147
701 706
778 349
506 274
199 277
518 395
385 781
26 893
284 53
568 248
109 40
882 1000
523 624
895 626
352 978
23 265
218 595
899 814
94 166
645 318
499 786
830 890
812 801
209 892
504 636
251 409
477 855
227 656
246 156
986 719
553 32
259 173
614 651
84 94
140 152
128 752
980 144
856 158
875 74
857 715
362 1000
560 674
978 337
796 610
32 735
311 103
519 578
651 458
179 552
585 66
877 252
584 915
228 534
780 189
174 404
619 301
626 641
103 404
149 90
764 535
96 351
708 62
231 579
896 160
492 833
129 823
777 611
7 818
854 627
176 374
323 233
950 390
817 175
422 751
677 875
592 829
488 454
507 98
324 596
981 854
303 446
163 781
241 3
994 707
646 312
764 441
32 482
64 993
678 873
721 394
173 879
9 790
139 931
502 965
104 404
608 201
752 480
880 309
705 36
706 279
913 201
515 685
42 547
78 987
583 74
875 372
148 945
791 921
758 468
679 589
216 23
585 546
640 813
779 138
993 325
541 739
505 419
417 769
886 315
64 494
983 727
453 212
954 459
311 218
150 220
390 719
970 173
392 959
979 997
763 778
235 437
842 407
366 553
846 375
645 354
6 910
784 292
676 786
26 325
591 161
603 408
795 570
671 25
125 15
452 484
775 111
105 227
893 10
489 348
272 758
668 672
426 311
355 615
686 553
266 412
699 942
259 877
299 92
971 627
566 178
163 765
916 421
811 57
155 573
764 255
802 284
905 29
82 902
691 524
89 162
109 95
42 40
320 410
891 85
194 511
308 363
240 353
38 52
653 585
278 8
127 412
971 106
644 156
937 174
493 161
649 226
925 661
468 992
674 663
228 53
936 338
496 473
239 957
743 599
696 342
302 363
386 294
822 866
589 17
221 361
924 322
265 971
433 345
948 584
326 172
109 564
3 91
230 328
356 915
264 666
718 717
476 200
349 118
478 394
779 635
338 233
211 13
268 252
822 575
220 197
130 253
727 758
853 567
891 414
876 504
297 514
20 732
785 584
235 401
667 286
723 388
196 12
180 905
181 496
152 758
78 104
997 894
390 100
195 204
993 527
43 256
685 977
299 154
964 152
627 126
440 276
4 637
543 324
342 399
590 225
459 417
835 26
417 536
715 523
199 419
988 548
919 874
281 838
750 90
781 726
612 46
166 923
338 871
869 729
636 180
359 575
96 929
425 45
27 225
445 50
892 413
530 248
951 840
809 951
113 354
886 167
2 872
602 742
731 950
71 169
238 746
526 72
776 151
714 683
814 435
230 522
984 90
415 684
201 784
205 840
683 696
230 741
729 266
779 352
143 962
351 623
524 851
223 127
897 878
563 911
361 747
70 141
758 542
336 807
614 462
151 324
671 669
141 366
733 500
567 193
789 450
607 463
990 477
49 23
380 551
14 887
129 415
718 459
261 650
922 212
125 149
971 989
698 895
625 821
220 463
37 655
84 622
395 461
492 975
268 715
186 58
762 821
674 343
141 818
663 941
279 932
11 266
610 849
487 769
897 301
600 994
530 649
111 218
817 217
346 374
108 556
695 983
693 582
307 71
816 665
947 577
101 165
401 357
682 254
294 232
260 424
726 790
982 69
289 488
401 246
536 855
477 515
61 836
668 172
875 578
10 129
255 658
990 835
478 119
705 977
91 706
890 206
49 998
639 457
288 398
973 839
373 101
66 527
641 875
821 653
614 648
227 736
853 284
299 792
884 646
386 57
300 983
568 531
53 981
992 879
274 994
520 918
867 545
45 933
317 576
801 915
253 834
624 346
862 740
757 466
906 514
335 876
746 837
180 803
430 487
883 356
478 291
414 388
201 473
367 428
786 263
429 799
266 135
323 970
555 535
172 221
599 838
381 177
533 52
58 148
530 858
253 375
258 837
725 909
651 998
317 911
472 605
803 675
532 99
938 326
208 55
472 972
933 577
147 52
937 657
959 485
707 428
122 916
68 594
972 56
829 113
195 593
118 379
434 282
571 935
40 957
578 165
134 655
585 711
621 737
39 518
577 123
61 164
982 690
986 561
240 947
204 598
818 982
411 340
442 450
614 692
101 847
905 670
690 156
912 174
895 85
439 403
766 706
469 680
71 548
771 242
774 727
832 996
872 817
712 666
287 167
3 273
594 72
334 409
706 884
157 608
672 972
324 215
127 738
898 130
370 405
81 974
972 132
28 927
358 434
54 720
751 441
510 329
183 317
24 346
618 14
124 731
290 37
509 943
239 250
445 647
375 970
410 762
233 949
56 986
937 823
516 922
133 826
650 898
781 975
379 237
159 763
678 601
128 325
556 893
596 946
468 557
30 364
588 302
971 446
683 2
89 161
787 32
679 214
646 293
834 29
47 856
708 614
315 407
648 201
579 979
911 816
91 669
829 391
443 564
161 975
992 747
459 814
776 252
14 348
52 663
680 856
75 798
960 504
355 510
29 494
857 864
456 647
978 756
151 434
687 236
600 62
396 59
326 828
75 636
335 6
468 421
480 325
70 305
789 174
472 823
750 850
469 829
491 925
662 4
996 758
23 986
50 916
235 400
970 709
771 908
990 828
48 189
799 58
662 358
388 703
975 741
180 569
769 108
326 644
488 789
718 57
99 939
154 680
712 395
306 991
788 431
522 255
461 129
228 156
98 137
780 571
787 815
472 614
695 392
332 178
663 878
371 684
82 408
200 516
243 614
692 289
485 493
458 480
146 445
882 115
366 352
497 471
815 549
2 668
363 554
588 161
492 334
645 38
578 459
283 237
468 807
490 955
640 682
436 261
202 187
238 905
976 948
356 707
801 586
605 708
930 814
236 105
308 622
888 968
117 282
246 182
469 413
786 305
591 869
373 49
232 955
813 583
847 345
294 619
939 866
475 901
213 521
396 479
697 852
721 941
935 217
73 15
75 745
751 485
723 69
311 508
690 390
799 248
276 347
287 599
850 192
974 466
599 607
391 122
230 38
710 860
567 253
660 449
939 739
93 886
404 135
442 62
10 282
708 437
266 224
379 617
591 152
59 827
428 140
766 214
418 150
592 565
686 503
944 242
195 56
568 759
868 785
975 543
392 436
249 704
838 403
308 232
129 971
994 987
59 630
668 536
400 187
636 388
489 565
113 961
131 923
5 217
194 2
915 30
455 169
772 381
664 286
137 162
711 376
895 751
346 744
312 952
722 895
209 592
28 12
194 292
378 185
35 888
844 430
244 674
735 703
963 520
87 640
592 302
942 662
377 180
952 998
286 542
778 878
14 276
314 674
774 974
102 509
729 357
697 775
940 452
79 935
5 960
50 235
947 331
681 283
443 56
689 768
374 550
84 830
965 83
396 338
922 14
205 734
153 67
245 749
463 346
766 385
397 639
608 815
326 550
827 15
131 532
465 322
29 577
504 280
33 518
452 88
309 753
392 739
671 39
180 578
767 910
181 311
849 373
647 62
188 673
279 858
618 442
801 192
955 385
452 203
134 38
665 462
360 469
287 588
555 308
439 641
299 114
673 801
747 880
894 737
916 387
523 291
82 529
177 995
987 614
879 572
122 917
735 453
354 352
890 414
651 596
544 302
222 383
470 330
437 563
423 576
104 406
915 280
278 811
477 663
288 65
904 7
30 87
909 266
571 791
643 482
683 997
957 499
207 419
610 975
728 250
66 993
322 535
730 392
736 709
992 703
838 402
605 445
786 377
914 322
679 710
80 860
710 216
987 869
53 903
628 625
865 129
741 830
743 352
157 861
40 393
538 136
715 193
98 643
480 994
250 582
336 739
749 928
589 715
10 496
712 746
159 17
487 644
900 821
814 791
874 111
833 761
201 500
680 327
257 442
651 214
484 365
65 52
219 200
617 973
229 63
417 173
638 33
152 430
560 27
299 193
337 918
581 699
68 770
508 89
384 833
591 630
246 973
891 408
284 298
716 741
424 957
873 774
623 182
551 181
420 649
347 507
498 837
688 413
623 612
181 880
511 729
259 666
61 794
47 859
551 411
420 623
313 537
833 210
62 188
190 881
450 451
951 870
532 580
903 899
374 109
365 422
744 561
230 620
620 412
456 569
58 981
790 386
443 789
28 393
281 384
257 353
364 369
827 907
365 712
162 104
187 296
313 981
563 949
800 449
984 414
73 129
936 1
995 574
779 637
785 90
84 775
128 553
314 780
496 615
408 457
318 844
413 584
803 192
568 955
418 830
182 271
368 467
205 742
975 454
941 50
27 542
548 148
770 442
202 552
280 946
79 290
318 942
618 208
713 188
107 605
769 242
793 244
98 888
262 145
780 982
86 565
413 795
196 157
785 872
246 783
926 459
930 22
72 274
950 477
509 803
185 213
167 925
280 255
205 904
394 331
500 501
915 807
368 520
350 648
349 843
777 778
209 312
599 111
454 730
293 552
864 636
117 820
650 235
941 920
356 136
17 542
777 228
173 915
635 808
803 856
84 385
925 153
721 464
155 470
856 329
564 58
692 247
269 354
279 558
970 497
505 342
425 956
781 263
105 964
344 12
108 172
574 465
353 179
61 226
887 698
671 633
249 2
654 329
624 82
416 631
435 405
168 248
96 751
117 59
196 546
700 14
595 647
947 437
391 343
12 8
965 126
322 912
179 521
403 406
348 912
754 943
731 578
245 264
266 911
960 937
125 354
177 212
257 192
496 786
745 429
712 802
784 223
993 847
613 755
600 599
91 932
769 222
55 313
646 644
538 789
133 607
244 374
372 419
870 486
104 705
852 678
165 635
840 85
270 664
487 946
381 171
686 500
108 776
436 823
328 664
238 511
225 752
731 718
835 107
543 314
103 755
472 579
933 730
295 603
590 195
385 608
705 619
893 274
363 747
734 782
169 950
441 825
995 510
315 848
617 304
413 291
613 772
427 395
708 552
13 590
631 248
476 808
402 71
539 522
697 330
994 284
667 366
319 623
711 153
749 486
236 63
477 803
424 433
244 722
388 276
523 851
467 373
952 999
662 534
130 383
750 851
751 707
787 535
259 174
50 956
316 453
410 14
250 321
912 324
839 795
519 921
645 622
405 265
978 701
500 137
484 585
639 190
58 751
304 355
870 121
352 127
81 599
82 168
894 219
54 770
127 712
442 96
334 50
340 903
110 533
543 136
308 306
599 723
341 719
267 164
401 874
541 891
864 248
2 651
168 703
480 753
928 645
910 789
430 739
716 540
374 8
650 510
262 1000
10 17
85 699
980 821
756 348
264 668
319 126
102 634
910 567
588 437
254 641
95 647
685 569
270 257
996 33
981 851
378 504
472 893
335 594
553 564
198 697
26 860
321 104
659 64
536 949
296 442
721 399
226 807
27 314
356 422
639 649
971 67
402 314
331 224
369 821
820 356
35 740
986 908
717 556
867 131
170 689
890 224
910 141
755 766
454 121
37 47
135 726
908 854
585 551
32 929
752 80
755 66
193 402
586 475
386 27
316 344
373 153
243 150
474 960
680 43
389 342
746 788
841 120
1 353
58 370
421 900
996 732
816 426
512 915
558 926
234 83
90 359
111 747
955 81
24 301
409 885
486 325
215 281
594 130
637 288
176 258
432 129
627 246
738 677
944 44
111 160
360 419
932 581
384 979
559 806
667 15
551 854
20 238
793 426
261 132
764 139
466 706
254 701
189 610
993 733
569 357
610 720
350 975
575 50
298 42
320 622
321 219
530 497
77 702
647 630
942 898
601 828
178 983
584 558
877 87
74 644
847 771
351 176
777 425
193 50
892 372
895 567
791 728
598 194
446 687
395 683
515 650
808 384
75 131
113 468
611 85
732 743
463 17
937 77
577 502
209 970
193 461
239 646
169 356
978 754
740 917
62 761
447 885
874 419
156 614
88 340
785 146
117 215
62 840
727 770
947 386
19 7
990 484
171 908
780 98
638 314
662 26
352 39
454 635
8 276
607 650
188 516
63 616
817 124
139 72
715 797
663 533
116 806
922 401
797 515
500 645
907 79
983 824
438 375
559 853
873 54
217 570
16 699
116 964
544 925
218 365
444 947
323 162
489 718
971 638
310 940
992 226
545 293
929 70
821 225
915 151
733 740
536 160
591 762
425 487
152 681
6 324
233 578
397 633
610 756
147 110
95 876
541 7
172 747
360 859
514 974
181 851
956 607
169 891
208 799
136 76
355 64
142 38
659 120
657 522
769 968
147 844
475 278
424 327
479 483
319 586
473 830
881 137
213 836
166 378
351 842
909 418
162 809
839 161
550 476
679 568
919 9
45 668
232 957
451 733
732 634
348 883
95 454
723 873
120 786
999 172
122 352
505 344
362 179
783 671
309 840
862 380
169 155
991 536
850 412
954 844
879 987
511 487
793 772
249 716
710 963
783 957
880 538
241 876
292 888
336 568
633 182
581 62
709 9
270 895
932 296
491 520
572 791
774 447
206 13
153 391
766 69
289 839
879 302
292 606
702 813
632 105
595 863
922 501
870 487
175 899
82 265
269 139
234 476
536 414
854 954
223 616
229 199
252 40
623 11
509 695
209 283
545 449
33 21
933 682
309 192
193 975
581 893
321 274
431 349
964 11
639 545
541 38
854 23
520 124
95 977
833 232
799 983
543 889
643 635
425 14
463 962
981 1
963 522
490 556
770 618
627 953
666 555
758 349
498 767
890 205
856 436
446 615
311 447
239 639
403 944
389 653
981 355
862 62
221 430
442 557
297 358
880 10
411 144
468 249
736 537
850 875
149 674
631 660
120 814
852 103
301 423
32 612
330 329
68 453
309 459
35 148
844 850
280 717
723 99
690 424
286 295
253 816
382 396
538 84
853 861
953 603
737 252
485 30
262 947
187 738
894 442
272 639
276 95
814 731
176 155
569 660
20 100
461 246
464 166
979 521
431 930
237 911
319 77
246 999
470 255
734 856
492 611
378 881
355 813
566 198
696 879
809 560
829 235
75 299
493 984
2 686
406 945
482 299
64 427
156 40
948 60
752 405
364 843
826 720
702 103
136 4
341 267
502 985
907 817
288 207
252 752
364 986
716 135
830 545
403 750
317 76
744 840
545 809
50 329
514 728
677 316
625 251
611 56
204 962
408 819
26 494
601 114
913 94
198 224
351 898
355 455
583 215
841 396
498 321
700 465
847 354
463 117
945 478
575 198
931 671
526 673
218 964
662 797
336 851
758 202
763 544
123 833
755 624
476 151
946 770
807 418
233 382
785 471
206 576
890 529
594 973
211 704
380 729
148 215
175 613
922 442
196 187
399 454
269 672
530 810
626 55
971 708
3 874
760 837
638 810
90 196
589 158
594 308
77 749
746 395
177 956
758 950
111 287
940 173
526 544
857 399
626 244
937 615
925 415
579 182
981 886
622 120
768 263
661 580
169 798
423 913
835 311
143 310
790 823
369 839
207 611
43 642
88 793
127 408
751 562
455 401
312 737
386 696
423 759
711 96
342 525
192 998
728 216
835 668
633 600
442 626
463 216
411 309
895 229
640 781
643 254
681 439
991 662
95 493
689 620
192 132
980 101
468 305
109 705
516 263
397 747
6 701
784 198
795 344
882 850
788 903
336 974
837 94
533 949
435 710
496 1000
6 991
119 866
245 675
463 284
241 720
261 547
598 984
722 48
945 791
253 474
202 776
42 549
410 733
696 602
659 590
343 201
439 602
975 516
906 29
87 196
966 841
271 909
916 470
725 578
159 728
255 823
128 292
42 470
710 552
493 15
62 124
30 734
640 318
791 537
332 482
740 487
282 571
674 697
191 425
414 712
276 681
932 543
971 10
83 570
355 289
765 886
199 880
991 468
9 130
667 418
190 589
653 843
412 735
269 66
17 233
553 463
203 700
558 952
852 221
727 963
203 278
515 903
457 115
386 81
919 121
406 20
162 520
895 110
643 107
936 255
793 666
225 104
903 421
282 401
342 300
692 676
896 669
823 370
924 366
277 154
84 243
335 148
125 352
931 949
872 923
508 479
551 725
636 309
755 838
348 176
646 747
64 615
798 310
79 861
548 281
224 893
40 121
138 421
859 853
882 462
104 850
711 817
342 316
324 351
471 408
932 926
578 614
831 360
688 234
570 151
998 395
176 478
216 731
416 301
380 86
327 697
533 510
458 696
350 618
385 614
252 408
454 708
347 436
702 366
78 516
378 482
358 788
495 525
755 416
469 122
786 844
215 618
765 442
920 570
464 662
928 5
13 989
422 294
126 830
805 321
759 30
246 503
948 383
717 518
908 989
14 360
79 642
995 781
335 308
304 680
925 970
72 724
17 213
770 909
74 14
438 551
442 554
916 329
5 956
610 396
144 539
990 131
439 395
794 182
28 610
638 401
269 840
71 572
957 699
780 84
230 487
983 703
168 364
629 227
6 532
734 970
250 656
15 878
243 602
573 508
479 514
461 770
802 990
36 410
628 476
423 330
542 900
820 750
16 998
201 430
989 413
242 770
922 470
258 942
873 13
967 687
487 801
989 67
976 770
479 977
682 215
941 572
29 898
46 800
251 798
80 102
811 505
998 852
359 780
346 937
420 656
661 446
646 162
794 849
190 126
82 927
543 574
656 850
507 214
241 6
294 8
226 690
726 15
13 624
760 154
398 26
113 204
204 797
886 961
874 905
144 624
986 795
916 962
795 819
299 576
66 845
80 327
921 713
574 141
528 811
717 699
44 767
814 495
491 6
997 690
511 203
793 560
352 320
813 589
909 122
382 892
684 355
230 417
41 743
217 783
503 996
922 280
940 743
63 656
135 775
463 394
162 675
864 457
679 950
611 580
499 478
282 376
840 290
272 446
150 307
855 636
817 86
67 371
908 363
267 117
840 177
949 625
973 566
522 485
405 239
154 545
428 192
690 687
655 643
231 525
91 390
256 113
702 746
133 661
25 820
464 244
125 251
368 912
898 595
778 173
478 49
174 475
310 966
96 606
719 558
664 820
46 828
820 919
425 393
683 6
118 441
599 170
838 934
674 863
623 288
751 863
476 867
111 508
904 200
777 94
463 615
246 285
925 334
170 369
777 431
134 732
28 119
281 463
88 794
145 181
398 865
668 7
155 124
943 399
749 428
511 905
921 677
938 781
923 115
982 722
822 871
325 821
630 192
745 890
643 225
974 717
353 5
210 646
463 72
157 909
361 754
586 509
913 63
143 794
693 924
140 44
838 159
222 624
333 494
746 886
608 891
400 848
646 637
611 608
409 934
346 181
824 835
509 109
382 453
477 36
29 518
305 294
533 150
384 147
537 83
828 598
479 762
780 977
766 190
401 816
113 622
129 193
103 724
869 191
252 242
530 783
837 657
731 178
186 261
9 260
301 596
341 999
254 576
792 93
24 199
687 207
640 17
952 291
293 725
350 542
356 139
32 321
323 450
273 268
476 976
541 64
464 284
321 165
482 993
17 684
180 232
234 587
543 903
857 132
804 901
345 88
331 221
249 436
928 105
511 988
647 890
249 293
819 241
821 515
347 900
791 879
494 853
79 681
432 517
597 44
19 810
783 507
783 738
757 822
279 168
116 366
191 876
412 180
605 482
109 531
183 780
331 537
994 187
44 598
80 807
287 242
459 220
482 990
24 986
425 637
912 121
748 641
904 521
368 728
236 128
672 921
752 708
567 840
111 700
936 798
301 455
940 830
997 699
135 220
871 214
374 810
435 850
974 229
685 577
818 433
603 653
966 633
200 104
510 389
148 136
21 390
538 784
977 336
998 174
765 145
323 98
15 600
402 623
21 503
777 585
9 471
928 747
161 252
605 244
441 92
484 6
468 680
915 836
557 325
426 155
579 83
376 758
358 954
142 887
734 781
56 244
312 94
902 861
137 85
138 998
752 540
32 473
865 788
630 733
866 511
705 827
958 471
852 574
501 392
588 80
476 730
772 415
981 15
48 805
503 479
30 981
363 296
759 142
282 830
925 600
196 856
639 500
91 639
880 493
735 929
425 814
840 843
10 442
622 621
629 879
227 743
233 28
47 336
88 159
382 833
331 517
225 26
448 871
993 29
492 965
46 395
787 200
896 634
92 477
390 460
767 852
749 841
73 440
384 317
521 940
719 951
900 861
181 414
723 466
393 545
788 670
244 469
224 939
789 223
910 93
245 523
964 63
604 70
897 98
571 119
812 123
831 425
408 81
638 957
907 867
38 759
898 588
2 569
223 569
175 801
677 900
879 34
935 460
263 136
464 55
707 117
478 623
612 318
480 833
215 811
700 841
826 508
185 492
229 461
501 586
499 791
982 11
927 670
237 64
845 257
702 154
542 355
568 154
824 4
661 671
167 490
381 130
46 566
809 117
882 425
585 714
216 99
531 236
715 123
79 752
355 376
433 422
86 504
457 296
554 838
97 785
554 871
692 968
179 823
754 641
828 152
245 58
980 67
269 794
73 233
503 517
904 583
505 28
541 878
233 467
710 111
982 768
144 76
861 241
2 38
884 790
741 907
82 248
620 888
235 282
76 798
352 30
267 855
300 214
249 650
292 946
7 473
615 132
323 796
215 282
860 45
862 999
498 298
121 561
211 544
931 315
113 722
58 181
43 171
119 476
335 643
270 419
608 267
536 472
704 798
263 567
252 82
329 923
860 401
781 859
235 31
735 404
926 895
669 38
838 935
490 817
374 538
328 533
705 882
172 657
601 769
783 83
649 155
144 605
476 642
576 624
887 396
515 655
403 637
889 344
231 313
549 916
830 903
490 260
454 491
827 911
774 906
938 556
903 562
596 192
390 899
541 705
714 55
163 263
308 804
351 646
432 356
231 108
414 968
542 656
814 85
761 958
611 8
710 986
234 35
966 368
70 325
248 805
954 344
974 799
794 385
762 509
980 436
859 685
257 105
702 933
376 799
975 71
927 252
976 542
349 564
334 152
318 573
870 510
194 631
301 945
219 40
384 3
976 941
704 604
335 758
484 156
51 787
34 95
723 189
789 989
919 898
224 689
246 946
656 622
162 251
716 694
864 897
890 641
858 163
640 18
54 420
536 163
65 925
415 849
125 593
403 477
904 278
835 318
284 40
294 81
167 477
354 292
653 534
913 434
928 251
52 931
479 492
97 266
48 826
503 506
356 712
565 412
895 933
821 514
571 851
645 340
574 330
45 520
192 964
579 720
598 348
224 469
520 130
403 774
387 397
649 994
982 622
36 940
98 357
357 744
625 636
93 62
754 856
663 118
701 831
621 124
540 483
28 655
605 131
932 117
560 524
780 1
324 133
55 23
955 45
900 890
278 818
779 379
29 632
875 786
396 649
715 941
185 938
495 205
426 580
867 886
547 116
768 871
471 180
788 362
510 394
846 32
722 18
704 521
79 435
432 844
750 572
948 302
81 43
584 94
417 105
381 280
73 991
827 457
711 704
842 877
26 930
467 844
673 137
103 892
18 318
94 621
419 773
459 208
962 233
284 413
801 45
768 338
938 162
649 497
208 879
796 352
963 721
982 95
929 833
675 771
315 688
274 118
368 357
97 697
242 386
43 703
579 769
359 601
605 769
127 461
881 217
865 700
22 619
744 879
728 372
781 470
236 59
420 818
277 663
808 347
221 314
108 741
830 972
687 77
946 249
606 151
679 729
296 30
39 894
852 243
212 146
927 293
867 470
196 654
753 547
245 327
746 828
838 228
736 378
774 636
281 57
889 844
317 715
637 566
243 377
605 24
845 521
497 667
793 918
336 551
250 769
672 902
898 299
573 619
297 944
323 944
784 334
305 784
748 124
997 944
428 365
232 374
712 32
54 211
111 38
955 388
498 489
778 183
369 758
926 7
142 566
968 793
806 398
570 53
453 863
510 536
998 437
472 547
181 69
494 244
172 904
195 313
33 54
751 980
105 294
78 614
744 30
673 6
329 728
960 982
8 483
942 874
912 841
289 398
753 161
900 186
596 745
544 388
914 10
351 233
763 249
342 996
623 957
627 918
701 163
575 566
151 198
62 487
84 155
800 220
639 491
363 164
1 697
93 467
420 165
409 396
122 453
640 804
459 614
851 852
131 968
831 955
387 338
233 466
909 201
107 441
54 704
664 692
2 39
349 412
634 314
733 54
510 145
462 212
770 156
54 994
699 507
646 550
673 644
894 74
1 7
955 194
617 807
620 686
306 674
333 123
584 7
416 393
640 373
732 391
918 532
650 414
228 230
745 20
363 905
215 1000
237 880
955 529
404 265
777 785
247 315
780 668
195 388
87 146
73 864
366 479
721 188
902 139
151 631
345 160
710 22
593 506
386 317
172 515
402 120
5 429
142 78
218 496
994 337
316 837
564 35
213 59
655 404
966 694
961 664
347 781
888 835
613 570
1000 561
196 770
126 711
681 154
39 544
778 848
235 957
457 459
117 433
282 230
395 909
804 295
967 277
59 504
118 773
517 13
908 197
842 65
308 805
476 199
850 436
361 641
261 569
664 656
148 545
397 462
120 984
362 125
219 924
898 241
292 832
887 785
823 9
510 284
801 823
689 45
376 800
563 628
894 121
430 573
894 102
931 248
699 116
46 702
854 976
396 964
716 977
826 113
275 749
455 393
155 835
157 273
985 912
513 121
290 434
272 713
627 71
76 455
756 353
9 266
447 120
68 867
103 506
34 975
860 455
823 717
129 993
964 948
427 132
308 129
806 384
108 470
901 404
425 491
479 184
712 421
213 938
130 848
94 513
441 657
713 265
472 825
824 78
950 530
554 475
187 798
204 208
928 252
937 354
576 558
83 590
195 827
252 571
65 397
734 339
966 361
518 592
80 620
411 244
106 740
913 177
643 289
758 484
118 71
141 52
568 288
951 615
878 573
928 712
244 921
724 419
474 866
400 1
681 203
616 763
980 132
800 482
681 289
221 104
560 702
903 422
227 939
969 126
328 370
704 253
813 437
164 882
513 409
182 236
521 950
187 134
120 99
563 547
197 801
992 23
556 360
802 39
831 550
651 132
390 424
945 935
339 432
486 257
95 537
822 431
474 329
914 986
845 838
971 856
634 967
390 202
391 679
802 10
42 368